mes_aplicacion	semilla_undersampling	semilla_public	ganancia_public_inalcanzable	probabilidad_corte	ganancia_public	ganancia_private	ganancia_completa	
201905	102191	904147	12746250	0.18	12675000	10434375	10882500	
201905	102191	976091	10740000	0.14	10740000	11232188	11133750	
201905	102191	910661	11553750	0.17	11362500	11010938	11081250	
201905	102191	242197	11505000	0.15	11317500	11210625	11232000	
201905	102191	847519	10522500	0.17	10406250	11250000	11081250	
201905	102191	226099	11996250	0.22	11253750	9906562	10176000	
201905	102191	699493	11726250	0.16	11726250	11145000	11261250	
201905	102191	275339	11490000	0.19	11205000	10700625	10801500	
201905	102191	751423	10845000	0.16	10845000	11365312	11261250	
201905	102191	844523	11805000	0.1	10871250	10659375	10701750	
201905	102191	577531	9945000	0.22	9108750	10442812	10176000	
201905	102191	955139	11178750	0.21	10593750	10357500	10404750	
201905	102191	929311	11748750	0.22	10747500	10033125	10176000	
201905	102191	923441	10905000	0.21	10841250	10295625	10404750	
201905	102191	372847	12907500	0.26	11865000	9304688	9816750	
201905	102191	778187	12375000	0.2	12225000	10176562	10586250	
201905	102191	102913	10912500	0.15	10807500	11338125	11232000	
201905	102191	923179	12022500	0.29	10500000	9180938	9444750	
201905	102191	356929	12146250	0.23	11306250	9857812	10147500	
201905	102191	488617	13661250	0.2	13136250	9948750	10586250	
201905	102191	579869	10128750	0.13	10128750	11310938	11074500	
201905	102191	869299	11321250	0.12	11238750	10975312	11028000	
201905	102191	702469	11838750	0.2	11595000	10334062	10586250	
201905	102191	877367	10856250	0.18	10856250	10889062	10882500	
201905	102191	737281	12187500	0.18	11850000	10640625	10882500	
201905	102191	659473	11186250	0.17	11186250	11055000	11081250	
201905	102191	370399	11966250	0.18	11617500	10698750	10882500	
201905	102191	561529	9723750	0.17	9652500	11438438	11081250	
201905	102191	813199	10815000	0.15	10815000	11336250	11232000	
201905	102191	128969	11550000	0.17	11512500	10973438	11081250	
201905	102191	242377	11801250	0.21	10155000	10467188	10404750	
201905	102191	906823	9866250	0.18	9352500	11265000	10882500	
201905	102191	461603	11778750	0.12	11748750	10847812	11028000	
201905	102191	590963	10770000	0.12	10770000	11092500	11028000	
201905	102191	366217	11632500	0.17	11422500	10995938	11081250	
201905	102191	780631	11058750	0.29	9427500	9449062	9444750	
201905	102191	902179	11133750	0.16	11133750	11293125	11261250	
201905	102191	651029	11006250	0.12	11006250	11033438	11028000	
201905	102191	511691	11932500	0.24	11628750	9587812	9996000	
201905	102191	259387	11272500	0.16	10785000	11380312	11261250	
201905	102191	221071	11175000	0.15	11111250	11262188	11232000	
201905	102191	538301	11212500	0.24	9990000	9997500	9996000	
201905	102191	706913	11542500	0.24	10113750	9966562	9996000	
201905	102191	212999	12360000	0.3	9862500	9219375	9348000	
201905	102191	647321	11700000	0.18	11688750	10680938	10882500	
201905	102191	167623	11655000	0.13	11655000	10929375	11074500	
201905	102191	222163	10016250	0.33	9221250	8936250	8993250	
201905	102191	920687	11426250	0.16	11426250	11220000	11261250	
201905	102191	167213	12172500	0.11	11546250	10593750	10784250	
201905	102191	325673	11655000	0.2	11497500	10358438	10586250	
201905	102191	132233	1.2e+07	0.15	11748750	11102812	11232000	
201905	102191	284227	9007500	0.23	8598750	10534688	10147500	
201905	102191	876181	12086250	0.24	11066250	9728438	9996000	
201905	102191	978233	11456250	0.24	10803750	9794062	9996000	
201905	102191	355457	11988750	0.22	9690000	10297500	10176000	
201905	102191	641513	12060000	0.16	12060000	11061562	11261250	
201905	102191	737969	12232500	0.26	11745000	9334688	9816750	
201905	102191	838139	11598750	0.19	10818750	10797188	10801500	
201905	102191	544759	10908750	0.16	10841250	11366250	11261250	
201905	102191	617791	10980000	0.16	10980000	11331562	11261250	
201905	102191	577169	12442500	0.21	11737500	10071562	10404750	
201905	102191	414241	12037500	0.16	11666250	11160000	11261250	
201905	102191	415823	11820000	0.16	11820000	11121562	11261250	
201905	102191	992917	11662500	0.15	11636250	11130938	11232000	
201905	102191	433861	11313750	0.15	11156250	11250938	11232000	
201905	102191	730421	11778750	0.16	11778750	11131875	11261250	
201905	102191	586237	10935000	0.15	10788750	11342812	11232000	
201905	102191	123701	11666250	0.18	11448750	10740938	10882500	
201905	102191	221077	11276250	0.25	10425000	9752812	9887250	
201905	102191	476167	11182500	0.16	11092500	11303438	11261250	
201905	102191	794569	11253750	0.09	10931250	10485938	10575000	
201905	102191	380909	10631250	0.16	10387500	11479688	11261250	
201905	102191	631039	10327500	0.2	10327500	10650938	10586250	
201905	102191	862541	11688750	0.14	11475000	11048438	11133750	
201905	102191	260551	11253750	0.11	11028750	10723125	10784250	
201905	102191	219983	10432500	0.15	10286250	11468438	11232000	
201905	102191	217121	10938750	0.2	10200000	10682812	10586250	
201905	102191	976957	12472500	0.24	11598750	9595312	9996000	
201905	102191	432559	11550000	0.16	11550000	11189062	11261250	
201905	102191	628861	10788750	0.16	10788750	11379375	11261250	
201905	102191	944297	11700000	0.23	10410000	10081875	10147500	
201905	102191	236627	12307500	0.14	11932500	10934062	11133750	
201905	102191	546613	11861250	0.39	9468750	7890000	8205750	
201905	102191	493123	12127500	0.18	12127500	10571250	10882500	
201905	102191	618841	11853750	0.18	11512500	10725000	10882500	
201905	102191	289031	12746250	0.14	12558750	10777500	11133750	
201905	102191	627091	10695000	0.2	10275000	10664062	10586250	
201905	102191	990719	11343750	0.2	10312500	10654688	10586250	
201905	102191	461921	10428750	0.09	9693750	10795312	10575000	
201905	102191	216803	10732500	0.19	10680000	10831875	10801500	
201905	102191	615101	11317500	0.16	11317500	11247188	11261250	
201905	102191	482117	11831250	0.17	11640000	10941562	11081250	
201905	102191	358243	11688750	0.16	11688750	11154375	11261250	
201905	102191	981983	10758750	0.18	10556250	10964062	10882500	
201905	102191	712883	12172500	0.22	11017500	9965625	10176000	
201905	102191	213173	11632500	0.25	10601250	9708750	9887250	
201905	102191	400249	10545000	0.17	10230000	11294062	11081250	
201905	102191	953501	10878750	0.13	10762500	11152500	11074500	
201905	102191	624203	11505000	0.22	10533750	10086562	10176000	
201905	102191	656273	10897500	0.1	10545000	10740938	10701750	
