mes_aplicacion	semilla_undersampling	semilla_public	ganancia_public_inalcanzable	probabilidad_corte	ganancia_public	ganancia_private	ganancia_completa	
202003	102191	904147	4650000	0.53	4593750	3895312	4035000	
202003	102191	976091	4878750	0.64	4788750	3675000	3897750	
202003	102191	910661	3618750	0.53	3618750	4139062	4035000	
202003	102191	242197	3896250	0.52	3896250	4111875	4068750	
202003	102191	847519	4331250	0.57	4331250	3974062	4045500	
202003	102191	226099	4541250	0.6	4541250	3895312	4024500	
202003	102191	699493	2872500	0.56	2846250	4365000	4061250	
202003	102191	275339	4042500	0.67	4042500	3824062	3867750	
202003	102191	751423	3611250	0.45	3611250	3917812	3856500	
202003	102191	844523	5377500	0.61	5377500	3562500	3925500	
202003	102191	577531	4897500	0.7	4890000	3401250	3699000	
202003	102191	955139	4852500	0.53	4815000	3840000	4035000	
202003	102191	929311	4867500	0.6	4792500	3832500	4024500	
202003	102191	923441	4267500	0.56	4211250	4023750	4061250	
202003	102191	372847	3105000	0.42	3003750	4020938	3817500	
202003	102191	778187	4526250	0.52	4425000	3979688	4068750	
202003	102191	102913	4650000	0.42	4650000	3609375	3817500	
202003	102191	923179	4593750	0.57	4593750	3908438	4045500	
202003	102191	356929	4121250	0.61	4068750	3889688	3925500	
202003	102191	488617	4586250	0.39	4293750	3426562	3600000	
202003	102191	579869	2718750	0.67	2681250	4164375	3867750	
202003	102191	869299	4031250	0.53	3956250	4054688	4035000	
202003	102191	702469	4230000	0.5	4173750	3945000	3990750	
202003	102191	877367	5145000	0.6	5145000	3744375	4024500	
202003	102191	737281	3978750	0.56	3937500	4092188	4061250	
202003	102191	659473	3757500	0.59	3705000	4144688	4056750	
202003	102191	370399	3540000	0.6	3536250	4146562	4024500	
202003	102191	561529	4736250	0.42	4713750	3593438	3817500	
202003	102191	813199	3761250	0.57	3750000	4119375	4045500	
202003	102191	128969	5475000	0.58	5475000	3720000	4071000	
202003	102191	242377	4893750	0.44	4702500	3637500	3850500	
202003	102191	906823	3922500	0.61	3922500	3926250	3925500	
202003	102191	461603	4102500	0.5	4001250	3988125	3990750	
202003	102191	590963	5347500	0.58	5212500	3785625	4071000	
202003	102191	366217	3221250	0.58	3108750	4311562	4071000	
202003	102191	780631	3045000	0.59	2951250	4333125	4056750	
202003	102191	902179	5478750	0.52	5407500	3734062	4068750	
202003	102191	651029	3888750	0.6	3866250	4064062	4024500	
202003	102191	511691	3930000	0.58	3645000	4177500	4071000	
202003	102191	259387	4372500	0.52	4252500	4022812	4068750	
202003	102191	221071	3840000	0.56	3813750	4123125	4061250	
202003	102191	538301	4856250	0.47	4792500	3675000	3898500	
202003	102191	706913	4488750	0.66	4488750	3677812	3840000	
202003	102191	212999	5002500	0.6	5002500	3780000	4024500	
202003	102191	647321	3341250	0.41	3247500	3796875	3687000	
202003	102191	167623	4556250	0.51	4481250	3905625	4020750	
202003	102191	222163	4323750	0.43	4218750	3692812	3798000	
202003	102191	920687	4331250	0.53	4196250	3994688	4035000	
202003	102191	167213	4965000	0.51	4728750	3843750	4020750	
202003	102191	325673	3626250	0.56	3581250	4181250	4061250	
202003	102191	132233	4383750	0.67	4335000	3750938	3867750	
202003	102191	284227	3472500	0.6	3472500	4162500	4024500	
202003	102191	876181	2992500	0.32	2962500	3059062	3039750	
202003	102191	978233	4612500	0.46	4548750	3751875	3911250	
202003	102191	355457	5257500	0.5	5152500	3700312	3990750	
202003	102191	641513	4781250	0.52	4781250	3890625	4068750	
202003	102191	737969	5433750	0.5	5362500	3647812	3990750	
202003	102191	838139	4023750	0.62	3941250	3819375	3843750	
202003	102191	544759	4466250	0.57	4215000	4003125	4045500	
202003	102191	617791	5081250	0.56	5081250	3806250	4061250	
202003	102191	577169	3862500	0.58	3862500	4123125	4071000	
202003	102191	414241	5782500	0.6	5662500	3615000	4024500	
202003	102191	415823	3712500	0.46	3712500	3960938	3911250	
202003	102191	992917	4125000	0.46	4125000	3857812	3911250	
202003	102191	433861	4957500	0.66	4882500	3579375	3840000	
202003	102191	730421	4207500	0.58	4203750	4037812	4071000	
202003	102191	586237	3990000	0.48	3817500	3945000	3919500	
202003	102191	123701	4218750	0.65	4218750	3840938	3916500	
202003	102191	221077	4777500	0.56	4777500	3882188	4061250	
202003	102191	476167	4766250	0.59	4766250	3879375	4056750	
202003	102191	794569	3892500	0.65	3825000	3939375	3916500	
202003	102191	380909	4631250	0.45	4541250	3685312	3856500	
202003	102191	631039	4983750	0.6	4897500	3806250	4024500	
202003	102191	862541	4083750	0.45	3990000	3823125	3856500	
202003	102191	260551	5190000	0.48	5163750	3608438	3919500	
202003	102191	219983	3933750	0.52	3918750	4106250	4068750	
202003	102191	217121	4998750	0.63	4976250	3640312	3907500	
202003	102191	976957	4398750	0.5	4391250	3890625	3990750	
202003	102191	432559	3990000	0.44	3817500	3858750	3850500	
202003	102191	628861	4380000	0.57	4320000	3976875	4045500	
202003	102191	944297	5212500	0.56	5212500	3773438	4061250	
202003	102191	236627	3487500	0.65	3416250	4041562	3916500	
202003	102191	546613	4477500	0.6	4226250	3974062	4024500	
202003	102191	493123	4125000	0.5	4087500	3966562	3990750	
202003	102191	618841	3810000	0.51	3720000	4095938	4020750	
202003	102191	289031	3956250	0.52	3956250	4096875	4068750	
202003	102191	627091	5325000	0.7	5325000	3292500	3699000	
202003	102191	990719	3990000	0.52	3926250	4104375	4068750	
202003	102191	461921	4113750	0.64	4042500	3861562	3897750	
202003	102191	216803	5017500	0.49	4841250	3725625	3948750	
202003	102191	615101	5497500	0.5	5490000	3615938	3990750	
202003	102191	482117	3528750	0.53	3528750	4161562	4035000	
202003	102191	358243	4106250	0.52	4106250	4059375	4068750	
202003	102191	981983	4346250	0.52	4346250	3999375	4068750	
202003	102191	712883	5193750	0.53	5028750	3786562	4035000	
202003	102191	213173	3472500	0.59	3326250	4239375	4056750	
202003	102191	400249	3213750	0.65	3213750	4092188	3916500	
202003	102191	953501	5107500	0.65	5073750	3627188	3916500	
202003	102191	624203	3817500	0.54	3765000	4063125	4003500	
202003	102191	656273	4113750	0.69	4113750	3726562	3804000	
202002	102191	904147	8358750	0.37	8358750	7676250	7812750	
202002	102191	976091	7916250	0.48	7518750	8034375	7931250	
202002	102191	910661	7383750	0.55	7383750	8215312	8049000	
202002	102191	242197	8865000	0.57	8835000	7644375	7882500	
202002	102191	847519	8463750	0.37	8463750	7650000	7812750	
202002	102191	226099	8580000	0.54	8580000	7955625	8080500	
202002	102191	699493	8658750	0.46	8553750	7686562	7860000	
202002	102191	275339	8385000	0.54	8160000	8060625	8080500	
202002	102191	751423	8081250	0.49	8081250	8023125	8034750	
202002	102191	844523	8940000	0.5	8940000	7870312	8084250	
202002	102191	577531	7773750	0.43	7773750	8055000	7998750	
202002	102191	955139	8647500	0.44	8542500	7873125	8007000	
202002	102191	929311	9266250	0.4	9266250	7551562	7894500	
202002	102191	923441	8711250	0.43	8666250	7831875	7998750	
202002	102191	372847	7185000	0.53	7113750	8325000	8082750	
202002	102191	778187	8055000	0.49	8055000	8029688	8034750	
202002	102191	102913	9555000	0.55	9476250	7692188	8049000	
202002	102191	923179	7800000	0.61	7747500	7198125	7308000	
202002	102191	356929	8572500	0.56	8572500	7925625	8055000	
202002	102191	488617	7717500	0.42	7612500	8033438	7949250	
202002	102191	579869	8846250	0.4	8846250	7656562	7894500	
202002	102191	869299	7140000	0.39	7136250	8115000	7919250	
202002	102191	702469	7878750	0.43	7803750	8047500	7998750	
202002	102191	877367	9311250	0.53	9311250	7775625	8082750	
202002	102191	737281	9723750	0.55	9723750	7630312	8049000	
202002	102191	659473	8726250	0.44	8726250	7827188	8007000	
202002	102191	370399	8621250	0.55	8621250	7905938	8049000	
202002	102191	561529	8246250	0.5	8122500	8074688	8084250	
202002	102191	813199	8797500	0.53	8685000	7932188	8082750	
202002	102191	128969	8201250	0.43	8088750	7976250	7998750	
202002	102191	242377	8456250	0.56	8456250	7954688	8055000	
202002	102191	906823	8718750	0.52	8538750	7836562	7977000	
202002	102191	461603	7338750	0.51	7260000	8172188	7989750	
202002	102191	590963	8010000	0.49	7916250	8064375	8034750	
202002	102191	366217	8591250	0.34	8396250	7406250	7604250	
202002	102191	780631	8913750	0.47	8745000	7741875	7942500	
202002	102191	902179	8025000	0.55	7908750	8084062	8049000	
202002	102191	651029	9585000	0.37	9431250	7408125	7812750	
202002	102191	511691	7751250	0.53	7751250	8165625	8082750	
202002	102191	259387	7867500	0.42	7867500	7969688	7949250	
202002	102191	221071	8381250	0.38	8220000	7795312	7880250	
202002	102191	538301	9296250	0.38	9296250	7526250	7880250	
202002	102191	706913	6960000	0.54	6907500	8373750	8080500	
202002	102191	212999	8748750	0.55	8685000	7890000	8049000	
202002	102191	647321	7781250	0.44	7781250	8063438	8007000	
202002	102191	167623	7470000	0.42	7245000	8125312	7949250	
202002	102191	222163	8658750	0.49	8542500	7907812	8034750	
202002	102191	920687	9446250	0.5	9446250	7743750	8084250	
202002	102191	167213	7728750	0.54	7567500	8208750	8080500	
202002	102191	325673	8182500	0.4	8156250	7829062	7894500	
202002	102191	132233	8936250	0.5	8805000	7904062	8084250	
202002	102191	284227	8550000	0.49	8441250	7933125	8034750	
202002	102191	876181	9221250	0.49	9108750	7766250	8034750	
202002	102191	978233	8193750	0.39	8186250	7852500	7919250	
202002	102191	355457	8212500	0.52	7916250	7992188	7977000	
202002	102191	641513	9255000	0.47	9255000	7614375	7942500	
202002	102191	737969	7095000	0.49	7095000	8269688	8034750	
202002	102191	838139	8141250	0.55	8141250	8025938	8049000	
202002	102191	544759	7601250	0.53	7601250	8203125	8082750	
202002	102191	617791	8542500	0.43	8542500	7862812	7998750	
202002	102191	577169	8092500	0.42	7946250	7950000	7949250	
202002	102191	414241	7653750	0.54	7432500	8242500	8080500	
202002	102191	415823	8711250	0.51	8662500	7821562	7989750	
202002	102191	992917	7218750	0.53	7200000	8303438	8082750	
202002	102191	433861	8156250	0.4	8148750	7830938	7894500	
202002	102191	730421	7950000	0.39	7931250	7916250	7919250	
202002	102191	586237	8943750	0.5	8906250	7878750	8084250	
202002	102191	123701	8351250	0.56	8351250	7980938	8055000	
202002	102191	221077	8370000	0.5	8370000	8012812	8084250	
202002	102191	476167	9318750	0.56	9236250	7759688	8055000	
202002	102191	794569	8962500	0.43	8962500	7757812	7998750	
202002	102191	380909	7856250	0.55	7856250	8097188	8049000	
202002	102191	631039	8576250	0.49	8576250	7899375	8034750	
202002	102191	862541	7800000	0.49	7800000	8093438	8034750	
202002	102191	260551	9371250	0.56	9371250	7725938	8055000	
202002	102191	219983	7747500	0.36	7747500	7679062	7692750	
202002	102191	217121	8583750	0.42	8583750	7790625	7949250	
202002	102191	976957	8943750	0.53	8846250	7891875	8082750	
202002	102191	432559	7286250	0.47	7091250	8155312	7942500	
202002	102191	628861	8092500	0.55	8021250	8055938	8049000	
202002	102191	944297	8718750	0.42	8666250	7770000	7949250	
202002	102191	236627	8887500	0.53	8752500	7915312	8082750	
202002	102191	546613	7987500	0.54	7931250	8117812	8080500	
202002	102191	493123	7455000	0.56	7425000	8212500	8055000	
202002	102191	618841	8628750	0.48	8523750	7783125	7931250	
202002	102191	289031	9502500	0.53	9292500	7780312	8082750	
202002	102191	627091	7665000	0.56	7665000	8152500	8055000	
202002	102191	990719	8520000	0.5	8370000	8012812	8084250	
202002	102191	461921	8163750	0.42	8062500	7920938	7949250	
202002	102191	216803	7631250	0.4	7631250	7960312	7894500	
202002	102191	615101	8186250	0.42	8062500	7920938	7949250	
202002	102191	482117	7728750	0.58	7728750	7609688	7633500	
202002	102191	358243	7773750	0.54	7687500	8178750	8080500	
202002	102191	981983	8298750	0.49	8197500	7994062	8034750	
202002	102191	712883	9007500	0.56	9007500	7816875	8055000	
202002	102191	213173	9397500	0.54	9397500	7751250	8080500	
202002	102191	400249	8820000	0.39	8760000	7709062	7919250	
202002	102191	953501	7961250	0.54	7905000	8124375	8080500	
202002	102191	624203	9427500	0.57	9427500	7496250	7882500	
202002	102191	656273	7743750	0.51	7578750	8092500	7989750	
202001	102191	904147	11550000	0.46	11550000	12019688	11925750	
202001	102191	976091	13286250	0.44	13158750	11526562	11853000	
202001	102191	910661	12712500	0.45	12682500	11697188	11894250	
202001	102191	242197	12660000	0.56	12476250	11064375	11346750	
202001	102191	847519	11490000	0.47	11490000	11990625	11890500	
202001	102191	226099	11621250	0.46	11583750	12011250	11925750	
202001	102191	699493	11261250	0.47	11205000	12061875	11890500	
202001	102191	275339	11025000	0.42	10916250	11931562	11728500	
202001	102191	751423	11621250	0.51	11621250	11618438	11619000	
202001	102191	844523	11426250	0.47	11366250	12021562	11890500	
202001	102191	577531	12033750	0.5	11876250	11659688	11703000	
202001	102191	955139	13016250	0.47	13016250	11609062	11890500	
202001	102191	929311	13057500	0.43	13057500	11535938	11840250	
202001	102191	923441	11812500	0.54	11812500	11480625	11547000	
202001	102191	372847	10773750	0.39	10616250	1.2e+07	11723250	
202001	102191	778187	12825000	0.4	12825000	11346562	11642250	
202001	102191	102913	13792500	0.46	13792500	11459062	11925750	
202001	102191	923179	13526250	0.61	13526250	10402500	11027250	
202001	102191	356929	12731250	0.44	12708750	11639062	11853000	
202001	102191	488617	12465000	0.48	12465000	11672812	11831250	
202001	102191	579869	13046250	0.44	13046250	11554688	11853000	
202001	102191	869299	12990000	0.43	12990000	11552812	11840250	
202001	102191	702469	11643750	0.38	11583750	11698125	11675250	
202001	102191	877367	12026250	0.38	11962500	11603438	11675250	
202001	102191	737281	12330000	0.47	12330000	11780625	11890500	
202001	102191	659473	10856250	0.32	10856250	11474062	11350500	
202001	102191	370399	13800000	0.47	13800000	11413125	11890500	
202001	102191	561529	11250000	0.46	11246250	12095625	11925750	
202001	102191	813199	13038750	0.42	12881250	11440312	11728500	
202001	102191	128969	12108750	0.45	12108750	11840625	11894250	
202001	102191	242377	12697500	0.39	12543750	11518125	11723250	
202001	102191	906823	12300000	0.45	12217500	11813438	11894250	
202001	102191	461603	11715000	0.43	11621250	11895000	11840250	
202001	102191	590963	12918750	0.42	12795000	11461875	11728500	
202001	102191	366217	12393750	0.47	12393750	11764688	11890500	
202001	102191	780631	11865000	0.47	11790000	11915625	11890500	
202001	102191	902179	11441250	0.31	11246250	11187188	11199000	
202001	102191	651029	11842500	0.44	11737500	11881875	11853000	
202001	102191	511691	13222500	0.55	13170000	10989375	11425500	
202001	102191	259387	11055000	0.45	11055000	12104062	11894250	
202001	102191	221071	12903750	0.46	12903750	11681250	11925750	
202001	102191	538301	13368750	0.5	13368750	11286562	11703000	
202001	102191	706913	13177500	0.46	13162500	11616562	11925750	
202001	102191	212999	13305000	0.48	13305000	11462812	11831250	
202001	102191	647321	11276250	0.51	11175000	11730000	11619000	
202001	102191	167623	11958750	0.48	11861250	11823750	11831250	
202001	102191	222163	13488750	0.43	13488750	11428125	11840250	
202001	102191	920687	12450000	0.49	12401250	11598750	11759250	
202001	102191	167213	13275000	0.46	13132500	11624062	11925750	
202001	102191	325673	12221250	0.43	12221250	11745000	11840250	
202001	102191	132233	12213750	0.45	12213750	11814375	11894250	
202001	102191	284227	11842500	0.5	11628750	11721562	11703000	
202001	102191	876181	9982500	0.45	9978750	12373125	11894250	
202001	102191	978233	12045000	0.5	11880000	11658750	11703000	
202001	102191	355457	12322500	0.49	12247500	11637188	11759250	
202001	102191	641513	12866250	0.39	12866250	11437500	11723250	
202001	102191	737969	12802500	0.61	12723750	10603125	11027250	
202001	102191	838139	11426250	0.45	11197500	12068438	11894250	
202001	102191	544759	12236250	0.42	12060000	11645625	11728500	
202001	102191	617791	12390000	0.48	12390000	11691562	11831250	
202001	102191	577169	12217500	0.46	12112500	11879062	11925750	
202001	102191	414241	11606250	0.46	11606250	12005625	11925750	
202001	102191	415823	11463750	0.46	11463750	12041250	11925750	
202001	102191	992917	11658750	0.47	11535000	11979375	11890500	
202001	102191	433861	11673750	0.49	11482500	11828438	11759250	
202001	102191	730421	11906250	0.49	11906250	11722500	11759250	
202001	102191	586237	12266250	0.55	12131250	11249062	11425500	
202001	102191	123701	12652500	0.46	12652500	11744062	11925750	
202001	102191	221077	11576250	0.54	11463750	11567812	11547000	
202001	102191	476167	10916250	0.45	10916250	12138750	11894250	
202001	102191	794569	10796250	0.48	10796250	12090000	11831250	
202001	102191	380909	12071250	0.51	12015000	11520000	11619000	
202001	102191	631039	11253750	0.54	11253750	11620312	11547000	
202001	102191	862541	12450000	0.46	12450000	11794688	11925750	
202001	102191	260551	12558750	0.43	12536250	11666250	11840250	
202001	102191	219983	11220000	0.47	11081250	12092812	11890500	
202001	102191	217121	12982500	0.46	12967500	11665312	11925750	
202001	102191	976957	12787500	0.46	12787500	11710312	11925750	
202001	102191	432559	11752500	0.5	11752500	11690625	11703000	
202001	102191	628861	11448750	0.52	11171250	11683125	11580750	
202001	102191	944297	12877500	0.44	12877500	11596875	11853000	
202001	102191	236627	12056250	0.46	12030000	11899688	11925750	
202001	102191	546613	12551250	0.5	12330000	11546250	11703000	
202001	102191	493123	12645000	0.45	12645000	11706562	11894250	
202001	102191	618841	12225000	0.44	11970000	11823750	11853000	
202001	102191	289031	11370000	0.53	11253750	11632500	11556750	
202001	102191	627091	12326250	0.45	12131250	11835000	11894250	
202001	102191	990719	12183750	0.53	12183750	11400000	11556750	
202001	102191	461921	11973750	0.47	11973750	11869688	11890500	
202001	102191	216803	12251250	0.39	12251250	11591250	11723250	
202001	102191	615101	12007500	0.5	12007500	11626875	11703000	
202001	102191	482117	13053750	0.29	13053750	10642500	11124750	
202001	102191	358243	11385000	0.37	11036250	11699062	11566500	
202001	102191	981983	11996250	0.39	11996250	11655000	11723250	
202001	102191	712883	11283750	0.45	11283750	12046875	11894250	
202001	102191	213173	12281250	0.47	12281250	11792812	11890500	
202001	102191	400249	11595000	0.38	11595000	11695312	11675250	
202001	102191	953501	12172500	0.45	12172500	11824688	11894250	
202001	102191	624203	13177500	0.5	13102500	11353125	11703000	
202001	102191	656273	12731250	0.44	12450000	11703750	11853000	
201912	102191	904147	17497500	0.34	17497500	15090938	15572250	
201912	102191	976091	15847500	0.42	15810000	15669375	15697500	
201912	102191	910661	16038750	0.42	16038750	15612188	15697500	
201912	102191	242197	15442500	0.38	15281250	15548438	15495000	
201912	102191	847519	15896250	0.4	15896250	15597188	15657000	
201912	102191	226099	16526250	0.41	16365000	15484688	15660750	
201912	102191	699493	16173750	0.42	16173750	15578438	15697500	
201912	102191	275339	14865000	0.36	14865000	15891562	15686250	
201912	102191	751423	16083750	0.41	15945000	15589688	15660750	
201912	102191	844523	17448750	0.47	17355000	14883750	15378000	
201912	102191	577531	15731250	0.46	15180000	15467812	15410250	
201912	102191	955139	16143750	0.33	16023750	15292500	15438750	
201912	102191	929311	16676250	0.36	16458750	15493125	15686250	
201912	102191	923441	15461250	0.43	15442500	15609375	15576000	
201912	102191	372847	16432500	0.44	16383750	15305625	15521250	
201912	102191	778187	16230000	0.5	16200000	14805000	15084000	
201912	102191	102913	16128750	0.34	16128750	15433125	15572250	
201912	102191	923179	15322500	0.52	15322500	14794688	14900250	
201912	102191	356929	17928750	0.4	17613750	15167812	15657000	
201912	102191	488617	15596250	0.46	15596250	15363750	15410250	
201912	102191	579869	16098750	0.35	15892500	15527812	15600750	
201912	102191	869299	15390000	0.53	15390000	14637188	14787750	
201912	102191	702469	16905000	0.44	16905000	15175312	15521250	
201912	102191	877367	15360000	0.43	15041250	15709688	15576000	
201912	102191	737281	17377500	0.42	17377500	15277500	15697500	
201912	102191	659473	15146250	0.42	15045000	15860625	15697500	
201912	102191	370399	16650000	0.36	16642500	15447188	15686250	
201912	102191	561529	15307500	0.33	15296250	15474375	15438750	
201912	102191	813199	16721250	0.36	16597500	15458438	15686250	
201912	102191	128969	15678750	0.31	15678750	15360938	15424500	
201912	102191	242377	15832500	0.36	15832500	15649688	15686250	
201912	102191	906823	16237500	0.44	16237500	15342188	15521250	
201912	102191	461603	15525000	0.41	15525000	15694688	15660750	
201912	102191	590963	16162500	0.35	15851250	15538125	15600750	
201912	102191	366217	13987500	0.49	13916250	15544688	15219000	
201912	102191	780631	16436250	0.38	16087500	15346875	15495000	
201912	102191	902179	17246250	0.41	16736250	15391875	15660750	
201912	102191	651029	15573750	0.39	15547500	15559688	15557250	
201912	102191	511691	16271250	0.37	16271250	15550312	15694500	
201912	102191	259387	14681250	0.43	14576250	15825938	15576000	
201912	102191	221071	15022500	0.4	15022500	15815625	15657000	
201912	102191	538301	14456250	0.41	14418750	15971250	15660750	
201912	102191	706913	15288750	0.4	15288750	15749062	15657000	
201912	102191	212999	15750000	0.42	15750000	15684375	15697500	
201912	102191	647321	15626250	0.47	15626250	15315938	15378000	
201912	102191	167623	16777500	0.4	16661250	15405938	15657000	
201912	102191	222163	16432500	0.37	16432500	15510000	15694500	
201912	102191	920687	16511250	0.37	16511250	15490312	15694500	
201912	102191	167213	16102500	0.43	16102500	15444375	15576000	
201912	102191	325673	14838750	0.32	14838750	15548438	15406500	
201912	102191	132233	15532500	0.34	15532500	15582188	15572250	
201912	102191	284227	15345000	0.38	15217500	15564375	15495000	
201912	102191	876181	15502500	0.41	15412500	15722812	15660750	
201912	102191	978233	15277500	0.41	15277500	15756562	15660750	
201912	102191	355457	14726250	0.37	14726250	15936562	15694500	
201912	102191	641513	14130000	0.31	14130000	15748125	15424500	
201912	102191	737969	17606250	0.37	17606250	15216562	15694500	
201912	102191	838139	13837500	0.34	13837500	16005938	15572250	
201912	102191	544759	15521250	0.37	15521250	15737812	15694500	
201912	102191	617791	15157500	0.4	15015000	15817500	15657000	
201912	102191	577169	14951250	0.41	14940000	15840938	15660750	
201912	102191	414241	17396250	0.36	17328750	15275625	15686250	
201912	102191	415823	14651250	0.39	14193750	15898125	15557250	
201912	102191	992917	16188750	0.37	16098750	15593438	15694500	
201912	102191	433861	17182500	0.4	17047500	15309375	15657000	
201912	102191	730421	15581250	0.42	15487500	15750000	15697500	
201912	102191	586237	16841250	0.37	16777500	15423750	15694500	
201912	102191	123701	15555000	0.41	15030000	15818438	15660750	
201912	102191	221077	14602500	0.41	14587500	15929062	15660750	
201912	102191	476167	16027500	0.4	15798750	15621562	15657000	
201912	102191	794569	15097500	0.37	14932500	15885000	15694500	
201912	102191	380909	15532500	0.39	15228750	15639375	15557250	
201912	102191	631039	16473750	0.37	16473750	15499688	15694500	
201912	102191	862541	15588750	0.39	15165000	15655312	15557250	
201912	102191	260551	14812500	0.35	14760000	15810938	15600750	
201912	102191	219983	16410000	0.39	16215000	15392812	15557250	
201912	102191	217121	16515000	0.46	16515000	15134062	15410250	
201912	102191	976957	15352500	0.42	15352500	15783750	15697500	
201912	102191	432559	17928750	0.41	17902500	15100312	15660750	
201912	102191	628861	16496250	0.4	16301250	15495938	15657000	
201912	102191	944297	15300000	0.37	15300000	15793125	15694500	
201912	102191	236627	16698750	0.4	16646250	15409688	15657000	
201912	102191	546613	16931250	0.48	16931250	14829375	15249750	
201912	102191	493123	16031250	0.41	16031250	15568125	15660750	
201912	102191	618841	17238750	0.46	17238750	14953125	15410250	
201912	102191	289031	15930000	0.43	15393750	15621562	15576000	
201912	102191	627091	16743750	0.4	16743750	15385312	15657000	
201912	102191	990719	16256250	0.35	16181250	15455625	15600750	
201912	102191	461921	17036250	0.41	17036250	15316875	15660750	
201912	102191	216803	15097500	0.48	14913750	15333750	15249750	
201912	102191	615101	16320000	0.45	16057500	15255938	15416250	
201912	102191	482117	15566250	0.4	15566250	15679688	15657000	
201912	102191	358243	15813750	0.4	15633750	15662812	15657000	
201912	102191	981983	15495000	0.4	15345000	15735000	15657000	
201912	102191	712883	15562500	0.51	15431250	14838750	14957250	
201912	102191	213173	16447500	0.41	16312500	15497812	15660750	
201912	102191	400249	16503750	0.45	16143750	15234375	15416250	
201912	102191	953501	18150000	0.43	18138750	14935312	15576000	
201912	102191	624203	15041250	0.4	14861250	15855938	15657000	
201912	102191	656273	15022500	0.34	15022500	15709688	15572250	
201911	102191	904147	13121250	0.47	13121250	12367500	12518250	
201911	102191	976091	13833750	0.31	13781250	12299062	12595500	
201911	102191	910661	13983750	0.38	13980000	12409688	12723750	
201911	102191	242197	13743750	0.34	13575000	12440625	12667500	
201911	102191	847519	13110000	0.52	12956250	12487500	12581250	
201911	102191	226099	12135000	0.49	11928750	12707812	12552000	
201911	102191	699493	13773750	0.39	13428750	12533438	12712500	
201911	102191	275339	11265000	0.52	10908750	12999375	12581250	
201911	102191	751423	13252500	0.35	13252500	12570938	12707250	
201911	102191	844523	13046250	0.36	13046250	12742500	12803250	
201911	102191	577531	12986250	0.43	12986250	12483750	12584250	
201911	102191	955139	12705000	0.39	12690000	12718125	12712500	
201911	102191	929311	14141250	0.27	14141250	12165000	12560250	
201911	102191	923441	12262500	0.34	12232500	12776250	12667500	
201911	102191	372847	13312500	0.25	13312500	12122812	12360750	
201911	102191	778187	13927500	0.43	13860000	12265312	12584250	
201911	102191	102913	12708750	0.36	12708750	12826875	12803250	
201911	102191	923179	12461250	0.42	12435000	12569062	12542250	
201911	102191	356929	11790000	0.52	11790000	12779062	12581250	
201911	102191	488617	11546250	0.44	11531250	12789375	12537750	
201911	102191	579869	12971250	0.57	12971250	11493750	11789250	
201911	102191	869299	14051250	0.41	13860000	12335625	12640500	
201911	102191	702469	13890000	0.36	13890000	12531562	12803250	
201911	102191	877367	13710000	0.25	13485000	12079688	12360750	
201911	102191	737281	12318750	0.38	12213750	12851250	12723750	
201911	102191	659473	12697500	0.24	12311250	12359062	12349500	
201911	102191	370399	13770000	0.29	13770000	12178125	12496500	
201911	102191	561529	12086250	0.28	12086250	12525000	12437250	
201911	102191	813199	12217500	0.41	12217500	12746250	12640500	
201911	102191	128969	12761250	0.23	12547500	12184688	12257250	
201911	102191	242377	12300000	0.39	12300000	12815625	12712500	
201911	102191	906823	13582500	0.44	13582500	12276562	12537750	
201911	102191	461603	12660000	0.36	12660000	12839062	12803250	
201911	102191	590963	13657500	0.46	13560000	12311250	12561000	
201911	102191	366217	13016250	0.36	12911250	12776250	12803250	
201911	102191	780631	12798750	0.38	12693750	12731250	12723750	
201911	102191	902179	15041250	0.36	15041250	12243750	12803250	
201911	102191	651029	15015000	0.49	14658750	12025312	12552000	
201911	102191	511691	12630000	0.49	12480000	12570000	12552000	
201911	102191	259387	13241250	0.41	13241250	12490312	12640500	
201911	102191	221071	12765000	0.29	12615000	12466875	12496500	
201911	102191	538301	12333750	0.36	12333750	12920625	12803250	
201911	102191	706913	12176250	0.51	12086250	12578438	12480000	
201911	102191	212999	13395000	0.31	13350000	12406875	12595500	
201911	102191	647321	13593750	0.52	13593750	12328125	12581250	
201911	102191	167623	12892500	0.33	12570000	12508125	12520500	
201911	102191	222163	12862500	0.39	12480000	12770625	12712500	
201911	102191	920687	14133750	0.48	14133750	12128438	12529500	
201911	102191	167213	13713750	0.31	13398750	12394688	12595500	
201911	102191	325673	14130000	0.38	13953750	12416250	12723750	
201911	102191	132233	13387500	0.37	13383750	12576562	12738000	
201911	102191	284227	13413750	0.52	13413750	12373125	12581250	
201911	102191	876181	12543750	0.39	12397500	12791250	12712500	
201911	102191	978233	12247500	0.49	12247500	12628125	12552000	
201911	102191	355457	13653750	0.35	13511250	12506250	12707250	
201911	102191	641513	12723750	0.33	12667500	12483750	12520500	
201911	102191	737969	12273750	0.54	12202500	12322500	12298500	
201911	102191	838139	12671250	0.29	12611250	12467812	12496500	
201911	102191	544759	12825000	0.46	12825000	12495000	12561000	
201911	102191	617791	11565000	0.35	11310000	13056562	12707250	
201911	102191	577169	13916250	0.26	13916250	12075000	12443250	
201911	102191	414241	13522500	0.38	13507500	12527812	12723750	
201911	102191	415823	13702500	0.36	13702500	12578438	12803250	
201911	102191	992917	12570000	0.52	11898750	12751875	12581250	
201911	102191	433861	12341250	0.52	11985000	12730312	12581250	
201911	102191	730421	13140000	0.26	13012500	12300938	12443250	
201911	102191	586237	11002500	0.36	11002500	13253438	12803250	
201911	102191	123701	14827500	0.49	14726250	12008438	12552000	
201911	102191	221077	13638750	0.39	13638750	12480938	12712500	
201911	102191	476167	12708750	0.52	12708750	12549375	12581250	
201911	102191	794569	13008750	0.49	12765000	12498750	12552000	
201911	102191	380909	14122500	0.5	13953750	12122812	12489000	
201911	102191	631039	14062500	0.35	13856250	12420000	12707250	
201911	102191	862541	13616250	0.32	13485000	12334688	12564750	
201911	102191	260551	12907500	0.52	12907500	12499688	12581250	
201911	102191	219983	13965000	0.37	13957500	12433125	12738000	
201911	102191	217121	13147500	0.48	12847500	12450000	12529500	
201911	102191	976957	14463750	0.38	14463750	12288750	12723750	
201911	102191	432559	12067500	0.45	11951250	12635625	12498750	
201911	102191	628861	12363750	0.52	12363750	12635625	12581250	
201911	102191	944297	14133750	0.44	14118750	12142500	12537750	
201911	102191	236627	12633750	0.53	12633750	12329062	12390000	
201911	102191	546613	11715000	0.28	11640000	12636562	12437250	
201911	102191	493123	13878750	0.39	13623750	12484688	12712500	
201911	102191	618841	14160000	0.43	13991250	12232500	12584250	
201911	102191	289031	12311250	0.42	12311250	12600000	12542250	
201911	102191	627091	12018750	0.43	12003750	12729375	12584250	
201911	102191	990719	13455000	0.52	13417500	12372188	12581250	
201911	102191	461921	11565000	0.52	11565000	12835312	12581250	
201911	102191	216803	13706250	0.29	13537500	12236250	12496500	
201911	102191	615101	12506250	0.52	11782500	12780938	12581250	
201911	102191	482117	12618750	0.46	12281250	12630938	12561000	
201911	102191	358243	13395000	0.37	13260000	12607500	12738000	
201911	102191	981983	14025000	0.44	13792500	12224062	12537750	
201911	102191	712883	12105000	0.38	11992500	12906562	12723750	
201911	102191	213173	12543750	0.38	12408750	12802500	12723750	
201911	102191	400249	13582500	0.36	13496250	12630000	12803250	
201911	102191	953501	12888750	0.39	12873750	12672188	12712500	
201911	102191	624203	12213750	0.36	12213750	12950625	12803250	
201911	102191	656273	12577500	0.39	12577500	12746250	12712500	
201910	102191	904147	13342500	0.47	13271250	13163438	13185000	
201910	102191	976091	15281250	0.37	15195000	13212188	13608750	
201910	102191	910661	14636250	0.29	14636250	13185938	13476000	
201910	102191	242197	15146250	0.45	14921250	13100625	13464750	
201910	102191	847519	13417500	0.37	13290000	13688438	13608750	
201910	102191	226099	13653750	0.37	13391250	13663125	13608750	
201910	102191	699493	14107500	0.42	14040000	13306875	13453500	
201910	102191	275339	12566250	0.32	12558750	13888125	13622250	
201910	102191	751423	14235000	0.46	13713750	13245000	13338750	
201910	102191	844523	13788750	0.44	13725000	13421250	13482000	
201910	102191	577531	15600000	0.36	14748750	13228125	13532250	
201910	102191	955139	14006250	0.32	14006250	13526250	13622250	
201910	102191	929311	15236250	0.34	15236250	13146562	13564500	
201910	102191	923441	14512500	0.39	13908750	13478438	13564500	
201910	102191	372847	13995000	0.44	13995000	13353750	13482000	
201910	102191	778187	14253750	0.34	14092500	13432500	13564500	
201910	102191	102913	14610000	0.37	14595000	13362188	13608750	
201910	102191	923179	14992500	0.38	14992500	13309688	13646250	
201910	102191	356929	13211250	0.46	13143750	13387500	13338750	
201910	102191	488617	13387500	0.33	13387500	13772812	13695750	
201910	102191	579869	13567500	0.31	13567500	13575938	13574250	
201910	102191	869299	14122500	0.41	14122500	13335938	13493250	
201910	102191	702469	13642500	0.28	13488750	13415625	13430250	
201910	102191	877367	11336250	0.34	11070000	14188125	13564500	
201910	102191	737281	14441250	0.46	14400000	13073438	13338750	
201910	102191	659473	14171250	0.38	14032500	13549688	13646250	
201910	102191	370399	14527500	0.44	14493750	13229062	13482000	
201910	102191	561529	14790000	0.31	14790000	13270312	13574250	
201910	102191	813199	13852500	0.47	13687500	13059375	13185000	
201910	102191	128969	14557500	0.4	14557500	13313438	13562250	
201910	102191	242377	14160000	0.43	14017500	13294688	13439250	
201910	102191	906823	14047500	0.27	13961250	13267500	13406250	
201910	102191	461603	14058750	0.3	13961250	13513125	13602750	
201910	102191	590963	13406250	0.38	13350000	13720312	13646250	
201910	102191	366217	12618750	0.27	12618750	13603125	13406250	
201910	102191	780631	14797500	0.33	14561250	13479375	13695750	
201910	102191	902179	14786250	0.38	14786250	13361250	13646250	
201910	102191	651029	14013750	0.32	14013750	13524375	13622250	
201910	102191	511691	15708750	0.32	15660000	13112812	13622250	
201910	102191	259387	13972500	0.35	13897500	13438125	13530000	
201910	102191	221071	14452500	0.38	14370000	13465312	13646250	
201910	102191	538301	14568750	0.39	14568750	13313438	13564500	
201910	102191	706913	13946250	0.32	13852500	13564688	13622250	
201910	102191	212999	12862500	0.31	12577500	13823438	13574250	
201910	102191	647321	13357500	0.31	13245000	13656562	13574250	
201910	102191	167623	14152500	0.4	14152500	13414688	13562250	
201910	102191	222163	14141250	0.42	13657500	13402500	13453500	
201910	102191	920687	13533750	0.32	13290000	13705312	13622250	
201910	102191	167213	15112500	0.47	15030000	12723750	13185000	
201910	102191	325673	13215000	0.44	13087500	13580625	13482000	
201910	102191	132233	14253750	0.37	14175000	13467188	13608750	
201910	102191	284227	13627500	0.4	13623750	13546875	13562250	
201910	102191	876181	13620000	0.42	13620000	13411875	13453500	
201910	102191	978233	13278750	0.35	13061250	13647188	13530000	
201910	102191	355457	13350000	0.43	13350000	13461562	13439250	
201910	102191	641513	13803750	0.39	13803750	13504688	13564500	
201910	102191	737969	13590000	0.33	13590000	13722188	13695750	
201910	102191	838139	12577500	0.34	12322500	13875000	13564500	
201910	102191	544759	13890000	0.31	13822500	13512188	13574250	
201910	102191	617791	14231250	0.38	14231250	13500000	13646250	
201910	102191	577169	14388750	0.41	14227500	13309688	13493250	
201910	102191	414241	14726250	0.28	14700000	13112812	13430250	
201910	102191	415823	15487500	0.3	15202500	13202812	13602750	
201910	102191	992917	14861250	0.44	14861250	13137188	13482000	
201910	102191	433861	12765000	0.45	12712500	13652812	13464750	
201910	102191	730421	13451250	0.31	13380000	13622812	13574250	
201910	102191	586237	14415000	0.35	14415000	13308750	13530000	
201910	102191	123701	13387500	0.45	13372500	13487812	13464750	
201910	102191	221077	14520000	0.31	14392500	13369688	13574250	
201910	102191	476167	14137500	0.31	13736250	13533750	13574250	
201910	102191	794569	13530000	0.26	13380000	13276875	13297500	
201910	102191	380909	12153750	0.4	12153750	13914375	13562250	
201910	102191	631039	13785000	0.46	13762500	13232812	13338750	
201910	102191	862541	14561250	0.42	14561250	13176562	13453500	
201910	102191	260551	14208750	0.47	14017500	12976875	13185000	
201910	102191	219983	14572500	0.3	14486250	13381875	13602750	
201910	102191	217121	14085000	0.42	13927500	13335000	13453500	
201910	102191	976957	14017500	0.35	14017500	13408125	13530000	
201910	102191	432559	13882500	0.45	13728750	13398750	13464750	
201910	102191	628861	13260000	0.39	13260000	13640625	13564500	
201910	102191	944297	12562500	0.35	12562500	13771875	13530000	
201910	102191	236627	13503750	0.33	13503750	13743750	13695750	
201910	102191	546613	13987500	0.38	13987500	13560938	13646250	
201910	102191	493123	15067500	0.41	14718750	13186875	13493250	
201910	102191	618841	13571250	0.33	13571250	13726875	13695750	
201910	102191	289031	14598750	0.41	14550000	13229062	13493250	
201910	102191	627091	15093750	0.41	15093750	13093125	13493250	
201910	102191	990719	13417500	0.44	13271250	13534688	13482000	
201910	102191	461921	14115000	0.35	14062500	13396875	13530000	
201910	102191	216803	13968750	0.38	13968750	13565625	13646250	
201910	102191	615101	13361250	0.35	13095000	13638750	13530000	
201910	102191	482117	13593750	0.34	13417500	13601250	13564500	
201910	102191	358243	14381250	0.35	14298750	13337812	13530000	
201910	102191	981983	13282500	0.4	13282500	13632188	13562250	
201910	102191	712883	14850000	0.33	14850000	13407188	13695750	
201910	102191	213173	14696250	0.37	14696250	13336875	13608750	
201910	102191	400249	12142500	0.32	12048750	14015625	13622250	
201910	102191	953501	13226250	0.39	13226250	13649062	13564500	
201910	102191	624203	13848750	0.49	13725000	12854062	13028250	
201910	102191	656273	13687500	0.38	13687500	13635938	13646250	
201909	102191	904147	10545000	0.46	10368750	10500938	10474500	
201909	102191	976091	11340000	0.5	11310000	10257188	10467750	
201909	102191	910661	9551250	0.43	9288750	10941562	10611000	
201909	102191	242197	11981250	0.44	11977500	10336875	10665000	
201909	102191	847519	10845000	0.4	10676250	10515938	10548000	
201909	102191	226099	12067500	0.47	11962500	10103438	10475250	
201909	102191	699493	10233750	0.41	10233750	10659375	10574250	
201909	102191	275339	9862500	0.48	9806250	10717500	10535250	
201909	102191	751423	11647500	0.5	11568750	10192500	10467750	
201909	102191	844523	11310000	0.39	11145000	10282500	10455000	
201909	102191	577531	9090000	0.42	9045000	10948125	10567500	
201909	102191	955139	10657500	0.46	10530000	10460625	10474500	
201909	102191	929311	11118750	0.48	11025000	10412812	10535250	
201909	102191	923441	11310000	0.43	11141250	10478438	10611000	
201909	102191	372847	11126250	0.44	10972500	10588125	10665000	
201909	102191	778187	11403750	0.49	11370000	10258125	10480500	
201909	102191	102913	11280000	0.44	11280000	10511250	10665000	
201909	102191	923179	10473750	0.5	10473750	10466250	10467750	
201909	102191	356929	10702500	0.5	10522500	10454062	10467750	
201909	102191	488617	12045000	0.37	11917500	10062188	10433250	
201909	102191	579869	11437500	0.48	11437500	10309688	10535250	
201909	102191	869299	11820000	0.5	11786250	10138125	10467750	
201909	102191	702469	10406250	0.5	10406250	10483125	10467750	
201909	102191	877367	9716250	0.48	9716250	10740000	10535250	
201909	102191	737281	12063750	0.5	11707500	10157812	10467750	
201909	102191	659473	10590000	0.5	10560000	10444688	10467750	
201909	102191	370399	11032500	0.41	10935000	10484062	10574250	
201909	102191	561529	11223750	0.41	11010000	10465312	10574250	
201909	102191	813199	10800000	0.45	10800000	10436250	10509000	
201909	102191	128969	11775000	0.43	11722500	10333125	10611000	
201909	102191	242377	10773750	0.36	10762500	10295625	10389000	
201909	102191	906823	12855000	0.44	12855000	10117500	10665000	
201909	102191	461603	11265000	0.46	11175000	10299375	10474500	
201909	102191	590963	10263750	0.49	10128750	10568438	10480500	
201909	102191	366217	10653750	0.4	10653750	10521562	10548000	
201909	102191	780631	8958750	0.35	8955000	10708125	10357500	
201909	102191	902179	10623750	0.42	10485000	10588125	10567500	
201909	102191	651029	11418750	0.36	11021250	10230938	10389000	
201909	102191	511691	11163750	0.37	10953750	10303125	10433250	
201909	102191	259387	10957500	0.47	10863750	10378125	10475250	
201909	102191	221071	11325000	0.47	11325000	10262812	10475250	
201909	102191	538301	11392500	0.4	11212500	10381875	10548000	
201909	102191	706913	10125000	0.4	9892500	10711875	10548000	
201909	102191	212999	8921250	0.43	8921250	11033438	10611000	
201909	102191	647321	10275000	0.36	10271250	10418438	10389000	
201909	102191	167623	10983750	0.49	10957500	10361250	10480500	
201909	102191	222163	11876250	0.5	11801250	10134375	10467750	
201909	102191	920687	11306250	0.41	11306250	10391250	10574250	
201909	102191	167213	9768750	0.48	9731250	10736250	10535250	
201909	102191	325673	12862500	0.42	12690000	10036875	10567500	
201909	102191	132233	11013750	0.42	11013750	10455938	10567500	
201909	102191	284227	11482500	0.44	11242500	10520625	10665000	
201909	102191	876181	9731250	0.48	9705000	10742812	10535250	
201909	102191	978233	11167500	0.38	11167500	10309688	10481250	
201909	102191	355457	10736250	0.49	10650000	10438125	10480500	
201909	102191	641513	10177500	0.5	10053750	10571250	10467750	
201909	102191	737969	11385000	0.32	11253750	9724688	10030500	
201909	102191	838139	10871250	0.44	10871250	10613438	10665000	
201909	102191	544759	9247500	0.33	9146250	10321875	10086750	
201909	102191	617791	12078750	0.44	12075000	10312500	10665000	
201909	102191	577169	9952500	0.5	9836250	10625625	10467750	
201909	102191	414241	11722500	0.44	11722500	10400625	10665000	
201909	102191	415823	9573750	0.48	9573750	10775625	10535250	
201909	102191	992917	9765000	0.43	9738750	10829062	10611000	
201909	102191	433861	10518750	0.43	10417500	10659375	10611000	
201909	102191	730421	9802500	0.49	9802500	10650000	10480500	
201909	102191	586237	10477500	0.44	10462500	10715625	10665000	
201909	102191	123701	11730000	0.51	11730000	10045312	10382250	
201909	102191	221077	10083750	0.47	10083750	10573125	10475250	
201909	102191	476167	11883750	0.43	11883750	10292812	10611000	
201909	102191	794569	11448750	0.48	11347500	10332188	10535250	
201909	102191	380909	12146250	0.43	12146250	10227188	10611000	
201909	102191	631039	11985000	0.5	11850000	10122188	10467750	
201909	102191	862541	10245000	0.43	10245000	10702500	10611000	
201909	102191	260551	10372500	0.5	10372500	10491562	10467750	
201909	102191	219983	11966250	0.43	11823750	10307812	10611000	
201909	102191	217121	10331250	0.43	10196250	10714688	10611000	
201909	102191	976957	12592500	0.38	12352500	10013438	10481250	
201909	102191	432559	10248750	0.38	10248750	10539375	10481250	
201909	102191	628861	10455000	0.52	10455000	10126875	10192500	
201909	102191	944297	10762500	0.38	10646250	10440000	10481250	
201909	102191	236627	10488750	0.43	10331250	10680938	10611000	
201909	102191	546613	11598750	0.43	11598750	10364062	10611000	
201909	102191	493123	12161250	0.36	12153750	9947812	10389000	
201909	102191	618841	11688750	0.41	11662500	10302188	10574250	
201909	102191	289031	10845000	0.4	10567500	10543125	10548000	
201909	102191	627091	11231250	0.42	11231250	10401562	10567500	
201909	102191	990719	9521250	0.45	9468750	10769062	10509000	
201909	102191	461921	10361250	0.44	10361250	10740938	10665000	
201909	102191	216803	10920000	0.43	10920000	10533750	10611000	
201909	102191	615101	9776250	0.4	9483750	10814062	10548000	
201909	102191	482117	9573750	0.39	9573750	10675312	10455000	
201909	102191	358243	10623750	0.45	10473750	10517812	10509000	
201909	102191	981983	11452500	0.44	11452500	10468125	10665000	
201909	102191	712883	10605000	0.48	10605000	10517812	10535250	
201909	102191	213173	9690000	0.37	9633750	10633125	10433250	
201909	102191	400249	10702500	0.41	10702500	10542188	10574250	
201909	102191	953501	9930000	0.43	9798750	10814062	10611000	
201909	102191	624203	11790000	0.41	11737500	10283438	10574250	
201909	102191	656273	11077500	0.49	10905000	10374375	10480500	
201908	102191	904147	13653750	0.43	13541250	12470625	12684750	
201908	102191	976091	13301250	0.43	13256250	12541875	12684750	
201908	102191	910661	13447500	0.45	13447500	12480000	12673500	
201908	102191	242197	12911250	0.37	12675000	12487500	12525000	
201908	102191	847519	13518750	0.42	13518750	12491250	12696750	
201908	102191	226099	12986250	0.46	12806250	12503438	12564000	
201908	102191	699493	12937500	0.5	12915000	12222188	12360750	
201908	102191	275339	13005000	0.44	12817500	12721875	12741000	
201908	102191	751423	15727500	0.5	15345000	11614688	12360750	
201908	102191	844523	13665000	0.46	13466250	12338438	12564000	
201908	102191	577531	12630000	0.44	12450000	12813750	12741000	
201908	102191	955139	13200000	0.35	12975000	12454688	12558750	
201908	102191	929311	13560000	0.29	13560000	12074062	12371250	
201908	102191	923441	13781250	0.43	13646250	12444375	12684750	
201908	102191	372847	13923750	0.46	13770000	12262500	12564000	
201908	102191	778187	12521250	0.43	12521250	12725625	12684750	
201908	102191	102913	12652500	0.36	12206250	12649688	12561000	
201908	102191	923179	14441250	0.42	14433750	12262500	12696750	
201908	102191	356929	11996250	0.44	11872500	12958125	12741000	
201908	102191	488617	13023750	0.39	12630000	12667500	12660000	
201908	102191	579869	11835000	0.29	11797500	12514688	12371250	
201908	102191	869299	12566250	0.39	12555000	12686250	12660000	
201908	102191	702469	13162500	0.44	13162500	12635625	12741000	
201908	102191	877367	13545000	0.43	13545000	12469688	12684750	
201908	102191	737281	12292500	0.4	12292500	12720000	12634500	
201908	102191	659473	12742500	0.36	12633750	12542812	12561000	
201908	102191	370399	12232500	0.36	12067500	12684375	12561000	
201908	102191	561529	12498750	0.48	12247500	12431250	12394500	
201908	102191	813199	12453750	0.48	12258750	12428438	12394500	
201908	102191	128969	13083750	0.41	13083750	12474375	12596250	
201908	102191	242377	12022500	0.44	11928750	12944062	12741000	
201908	102191	906823	13608750	0.36	13608750	12299062	12561000	
201908	102191	461603	12795000	0.35	12333750	12615000	12558750	
201908	102191	590963	12195000	0.35	12195000	12649688	12558750	
201908	102191	366217	12468750	0.35	12086250	12676875	12558750	
201908	102191	780631	13650000	0.44	13650000	12513750	12741000	
201908	102191	902179	11677500	0.36	11298750	12876562	12561000	
201908	102191	651029	12071250	0.44	12048750	12914062	12741000	
201908	102191	511691	11670000	0.39	11655000	12911250	12660000	
201908	102191	259387	12562500	0.42	12303750	12795000	12696750	
201908	102191	221071	12648750	0.42	12562500	12730312	12696750	
201908	102191	538301	13005000	0.42	13005000	12619688	12696750	
201908	102191	706913	11561250	0.4	11561250	12902812	12634500	
201908	102191	212999	13473750	0.31	13342500	11935312	12216750	
201908	102191	647321	11797500	0.31	11283750	12450000	12216750	
201908	102191	167623	14486250	0.45	14478750	12222188	12673500	
201908	102191	222163	11958750	0.4	11763750	12852188	12634500	
201908	102191	920687	13365000	0.53	13342500	11556562	11913750	
201908	102191	167213	12390000	0.28	12390000	12201562	12239250	
201908	102191	325673	11853750	0.3	11726250	12497812	12343500	
201908	102191	132233	13368750	0.45	13368750	12499688	12673500	
201908	102191	284227	11527500	0.48	11493750	12619688	12394500	
201908	102191	876181	13121250	0.39	12903750	12599062	12660000	
201908	102191	978233	13616250	0.35	13616250	12294375	12558750	
201908	102191	355457	12941250	0.39	12840000	12615000	12660000	
201908	102191	641513	13402500	0.29	13402500	12113438	12371250	
201908	102191	737969	13237500	0.39	12967500	12583125	12660000	
201908	102191	838139	13563750	0.38	13530000	12408750	12633000	
201908	102191	544759	13290000	0.38	13290000	12468750	12633000	
201908	102191	617791	14377500	0.35	14310000	12120938	12558750	
201908	102191	577169	13297500	0.48	12982500	12247500	12394500	
201908	102191	414241	13290000	0.46	13215000	12401250	12564000	
201908	102191	415823	12007500	0.27	12007500	12279375	12225000	
201908	102191	992917	11823750	0.42	11823750	12915000	12696750	
201908	102191	433861	13766250	0.39	13766250	12383438	12660000	
201908	102191	730421	14126250	0.43	14126250	12324375	12684750	
201908	102191	586237	14535000	0.42	14535000	12237188	12696750	
201908	102191	123701	11932500	0.44	11906250	12949688	12741000	
201908	102191	221077	11478750	0.44	11223750	13120312	12741000	
201908	102191	476167	13376250	0.39	13331250	12492188	12660000	
201908	102191	794569	13590000	0.43	13590000	12458438	12684750	
201908	102191	380909	13732500	0.46	13706250	12278438	12564000	
201908	102191	631039	13676250	0.44	13676250	12507188	12741000	
201908	102191	862541	12217500	0.26	12195000	12081562	12104250	
201908	102191	260551	13766250	0.45	13766250	12400312	12673500	
201908	102191	219983	14051250	0.42	14051250	12358125	12696750	
201908	102191	217121	12768750	0.46	12768750	12512812	12564000	
201908	102191	976957	12660000	0.43	12528750	12723750	12684750	
201908	102191	432559	14201250	0.52	14103750	11635312	12129000	
201908	102191	628861	12378750	0.35	12150000	12660938	12558750	
201908	102191	944297	11613750	0.45	11613750	12938438	12673500	
201908	102191	236627	13410000	0.45	13188750	12544688	12673500	
201908	102191	546613	14775000	0.45	14775000	12148125	12673500	
201908	102191	493123	11325000	0.28	11325000	12467812	12239250	
201908	102191	618841	14388750	0.42	14377500	12276562	12696750	
201908	102191	289031	13170000	0.39	13170000	12532500	12660000	
201908	102191	627091	12228750	0.47	12180000	12595312	12512250	
201908	102191	990719	13826250	0.38	13803750	12340312	12633000	
201908	102191	461921	12476250	0.49	12371250	12351562	12355500	
201908	102191	216803	12551250	0.42	12551250	12733125	12696750	
201908	102191	615101	13635000	0.38	13530000	12408750	12633000	
201908	102191	482117	12990000	0.42	12990000	12623438	12696750	
201908	102191	358243	11996250	0.42	11996250	12871875	12696750	
201908	102191	981983	14100000	0.43	14100000	12330938	12684750	
201908	102191	712883	14152500	0.44	14145000	12390000	12741000	
201908	102191	213173	13878750	0.44	13878750	12456562	12741000	
201908	102191	400249	12142500	0.42	12052500	12857812	12696750	
201908	102191	953501	12570000	0.39	12551250	12687188	12660000	
201908	102191	624203	11527500	0.26	11523750	12249375	12104250	
201908	102191	656273	13605000	0.34	13575000	12081562	12380250	
201907	102191	904147	14340000	0.28	14013750	12666562	12936000	
201907	102191	976091	14231250	0.31	14141250	12668438	12963000	
201907	102191	910661	13931250	0.42	13931250	11880000	12290250	
201907	102191	242197	11613750	0.47	11568750	11820938	11770500	
201907	102191	847519	13578750	0.33	13575000	12945938	13071750	
201907	102191	226099	13087500	0.29	13087500	12934688	12965250	
201907	102191	699493	14141250	0.33	14141250	12804375	13071750	
201907	102191	275339	11606250	0.34	11433750	13403438	13009500	
201907	102191	751423	12712500	0.35	12573750	13056562	12960000	
201907	102191	844523	13305000	0.29	13301250	12881250	12965250	
201907	102191	577531	14107500	0.34	13961250	12771562	13009500	
201907	102191	955139	13571250	0.25	13571250	12971250	13091250	
201907	102191	929311	13893750	0.34	13893750	12788438	13009500	
201907	102191	923441	13211250	0.33	12761250	13149375	13071750	
201907	102191	372847	12116250	0.31	12116250	13174688	12963000	
201907	102191	778187	13440000	0.38	12708750	12654375	12665250	
201907	102191	102913	13998750	0.32	13792500	12912188	13088250	
201907	102191	923179	14550000	0.25	14550000	12726562	13091250	
201907	102191	356929	13380000	0.25	13380000	13019062	13091250	
201907	102191	488617	10968750	0.39	10882500	12886875	12486000	
201907	102191	579869	13762500	0.27	13762500	12796875	12990000	
201907	102191	869299	13537500	0.33	13425000	12983438	13071750	
201907	102191	702469	12228750	0.3	12228750	13059375	12893250	
201907	102191	877367	15093750	0.33	14943750	12603750	13071750	
201907	102191	737281	13398750	0.33	13357500	13000312	13071750	
201907	102191	659473	14182500	0.35	13736250	12765938	12960000	
201907	102191	370399	13957500	0.34	13942500	12776250	13009500	
201907	102191	561529	12547500	0.37	12435000	12874688	12786750	
201907	102191	813199	12570000	0.32	12540000	13225312	13088250	
201907	102191	128969	13796250	0.25	13796250	12915000	13091250	
201907	102191	242377	12982500	0.35	12982500	12954375	12960000	
201907	102191	906823	12967500	0.43	12821250	12045000	12200250	
201907	102191	461603	13931250	0.36	13833750	12638438	12877500	
201907	102191	590963	12382500	0.35	11996250	13200938	12960000	
201907	102191	366217	14096250	0.35	14096250	12675938	12960000	
201907	102191	780631	13758750	0.25	13481250	12993750	13091250	
201907	102191	902179	13590000	0.39	13590000	12210000	12486000	
201907	102191	651029	13837500	0.25	13837500	12904688	13091250	
201907	102191	511691	14242500	0.37	14163750	12442500	12786750	
201907	102191	259387	13702500	0.32	13293750	13036875	13088250	
201907	102191	221071	13792500	0.25	13368750	13021875	13091250	
201907	102191	538301	14115000	0.31	14115000	12675000	12963000	
201907	102191	706913	12667500	0.29	12221250	13151250	12965250	
201907	102191	212999	14073750	0.33	14073750	12821250	13071750	
201907	102191	647321	14666250	0.32	14666250	12693750	13088250	
201907	102191	167623	13267500	0.34	13267500	12945000	13009500	
201907	102191	222163	14396250	0.33	14396250	12740625	13071750	
201907	102191	920687	14148750	0.25	13916250	12885000	13091250	
201907	102191	167213	13698750	0.31	13526250	12822188	12963000	
201907	102191	325673	13425000	0.23	13267500	12728438	12836250	
201907	102191	132233	13095000	0.36	13095000	12823125	12877500	
201907	102191	284227	13282500	0.32	13282500	13039688	13088250	
201907	102191	876181	11891250	0.23	11891250	13072500	12836250	
201907	102191	978233	13758750	0.38	13635000	12422812	12665250	
201907	102191	355457	15183750	0.36	15183750	12300938	12877500	
201907	102191	641513	14310000	0.33	14310000	12762188	13071750	
201907	102191	737969	14613750	0.32	14490000	12737812	13088250	
201907	102191	838139	12738750	0.26	12543750	13168125	13043250	
201907	102191	544759	13545000	0.31	13346250	12867188	12963000	
201907	102191	617791	14958750	0.33	14958750	12600000	13071750	
201907	102191	577169	13957500	0.32	13957500	12870938	13088250	
201907	102191	414241	13590000	0.32	13323750	13029375	13088250	
201907	102191	415823	14771250	0.35	14655000	12536250	12960000	
201907	102191	992917	13215000	0.27	13162500	12946875	12990000	
201907	102191	433861	13320000	0.42	13301250	12037500	12290250	
201907	102191	730421	13567500	0.29	13365000	12865312	12965250	
201907	102191	586237	12315000	0.36	12315000	13018125	12877500	
201907	102191	123701	12690000	0.24	12678750	13044375	12971250	
201907	102191	221077	13301250	0.24	13121250	12933750	12971250	
201907	102191	476167	13196250	0.32	12978750	13115625	13088250	
201907	102191	794569	14452500	0.25	14452500	12750938	13091250	
201907	102191	380909	12210000	0.27	12210000	13185000	12990000	
201907	102191	631039	14043750	0.27	14021250	12732188	12990000	
201907	102191	862541	13016250	0.34	12648750	13099688	13009500	
201907	102191	260551	12708750	0.33	12678750	13170000	13071750	
201907	102191	219983	14223750	0.28	13942500	12684375	12936000	
201907	102191	217121	12892500	0.33	12783750	13143750	13071750	
201907	102191	976957	14636250	0.32	14396250	12761250	13088250	
201907	102191	432559	13170000	0.25	13113750	13085625	13091250	
201907	102191	628861	13053750	0.29	13053750	12943125	12965250	
201907	102191	944297	14036250	0.36	14025000	12590625	12877500	
201907	102191	236627	12881250	0.29	12686250	13035000	12965250	
201907	102191	546613	13642500	0.31	13443750	12842812	12963000	
201907	102191	493123	13863750	0.32	13691250	12937500	13088250	
201907	102191	618841	15682500	0.25	15656250	12450000	13091250	
201907	102191	289031	12765000	0.23	12765000	12854062	12836250	
201907	102191	627091	13016250	0.34	13016250	13007812	13009500	
201907	102191	990719	13515000	0.33	13110000	13062188	13071750	
201907	102191	461921	14032500	0.31	13781250	12758438	12963000	
201907	102191	216803	13920000	0.29	13920000	12726562	12965250	
201907	102191	615101	14572500	0.29	14568750	12564375	12965250	
201907	102191	482117	11265000	0.41	11122500	12656250	12349500	
201907	102191	358243	12360000	0.33	12120000	13309688	13071750	
201907	102191	981983	13143750	0.24	13008750	12961875	12971250	
201907	102191	712883	12412500	0.32	12412500	13257188	13088250	
201907	102191	213173	15405000	0.26	15307500	12477188	13043250	
201907	102191	400249	15468750	0.26	15247500	12492188	13043250	
201907	102191	953501	13751250	0.25	13605000	12962812	13091250	
201907	102191	624203	13470000	0.3	13275000	12797812	12893250	
201907	102191	656273	13278750	0.31	13068750	12936562	12963000	
201906	102191	904147	12892500	0.37	12892500	13277812	13200750	
201906	102191	976091	13815000	0.4	13706250	13185938	13290000	
201906	102191	910661	12405000	0.52	12378750	13022812	12894000	
201906	102191	242197	13856250	0.4	13477500	13243125	13290000	
201906	102191	847519	13173750	0.37	12866250	13284375	13200750	
201906	102191	226099	14010000	0.37	14010000	12998438	13200750	
201906	102191	699493	14302500	0.39	14100000	13168125	13354500	
201906	102191	275339	14092500	0.43	14088750	13065938	13270500	
201906	102191	751423	13953750	0.33	13792500	12674062	12897750	
201906	102191	844523	13522500	0.38	13522500	13198125	13263000	
201906	102191	577531	12528750	0.29	12423750	12509062	12492000	
201906	102191	955139	13556250	0.44	13556250	13092188	13185000	
201906	102191	929311	13410000	0.34	13267500	12930938	12998250	
201906	102191	923441	13143750	0.38	13057500	13314375	13263000	
201906	102191	372847	14250000	0.44	14051250	12968438	13185000	
201906	102191	778187	13556250	0.48	13256250	12922500	12989250	
201906	102191	102913	12900000	0.55	12806250	12361875	12450750	
201906	102191	923179	14992500	0.41	14797500	12858750	13246500	
201906	102191	356929	13001250	0.38	12960000	13338750	13263000	
201906	102191	488617	12172500	0.39	12033750	13684688	13354500	
201906	102191	579869	13635000	0.43	13635000	13179375	13270500	
201906	102191	869299	14216250	0.47	14043750	12751875	13010250	
201906	102191	702469	12967500	0.42	12967500	13330312	13257750	
201906	102191	877367	13106250	0.39	13053750	13429688	13354500	
201906	102191	737281	13942500	0.41	13942500	13072500	13246500	
201906	102191	659473	13323750	0.41	13102500	13282500	13246500	
201906	102191	370399	13530000	0.42	13530000	13189688	13257750	
201906	102191	561529	14426250	0.46	14062500	12761250	13021500	
201906	102191	813199	14865000	0.49	14666250	12581250	12998250	
201906	102191	128969	13612500	0.42	13466250	13205625	13257750	
201906	102191	242377	15067500	0.38	15015000	12825000	13263000	
201906	102191	906823	13860000	0.41	13713750	13129688	13246500	
201906	102191	461603	13687500	0.41	13687500	13136250	13246500	
201906	102191	590963	14073750	0.44	13890000	13008750	13185000	
201906	102191	366217	13646250	0.39	13646250	13281562	13354500	
201906	102191	780631	13935000	0.42	13777500	13127812	13257750	
201906	102191	902179	13496250	0.48	13496250	12862500	12989250	
201906	102191	651029	13035000	0.4	13035000	13353750	13290000	
201906	102191	511691	14265000	0.4	14265000	13046250	13290000	
201906	102191	259387	14310000	0.42	14133750	13038750	13257750	
201906	102191	221071	13068750	0.36	12596250	13101562	13000500	
201906	102191	538301	14006250	0.42	14006250	13070625	13257750	
201906	102191	706913	12438750	0.41	12266250	13491562	13246500	
201906	102191	212999	14523750	0.39	14448750	13080938	13354500	
201906	102191	647321	12191250	0.52	11943750	13131562	12894000	
201906	102191	167623	13181250	0.45	13181250	13162500	13166250	
201906	102191	222163	13920000	0.42	13920000	13092188	13257750	
201906	102191	920687	12645000	0.51	12435000	13063125	12937500	
201906	102191	167213	12772500	0.45	12742500	13272188	13166250	
201906	102191	325673	14801250	0.4	14801250	12912188	13290000	
201906	102191	132233	14107500	0.43	13942500	13102500	13270500	
201906	102191	284227	12783750	0.37	12671250	13333125	13200750	
201906	102191	876181	12007500	0.39	12007500	13691250	13354500	
201906	102191	978233	14906250	0.34	14793750	12549375	12998250	
201906	102191	355457	13635000	0.37	13635000	13092188	13200750	
201906	102191	641513	12412500	0.38	12348750	13491562	13263000	
201906	102191	737969	12765000	0.39	12573750	13549688	13354500	
201906	102191	838139	14036250	0.44	13773750	13037812	13185000	
201906	102191	544759	12885000	0.41	12885000	13336875	13246500	
201906	102191	617791	13777500	0.41	13571250	13165312	13246500	
201906	102191	577169	14415000	0.4	14415000	13008750	13290000	
201906	102191	414241	15048750	0.43	15033750	12829688	13270500	
201906	102191	415823	13833750	0.45	13833750	12999375	13166250	
201906	102191	992917	12596250	0.39	12596250	13544062	13354500	
201906	102191	433861	12247500	0.39	12247500	13631250	13354500	
201906	102191	730421	14085000	0.48	13953750	12748125	12989250	
201906	102191	586237	12596250	0.49	12596250	13098750	12998250	
201906	102191	123701	13462500	0.49	13113750	12969375	12998250	
201906	102191	221077	13290000	0.39	13290000	13370625	13354500	
201906	102191	476167	13976250	0.42	13908750	13095000	13257750	
201906	102191	794569	12588750	0.45	12525000	13326562	13166250	
201906	102191	380909	14715000	0.39	14715000	13014375	13354500	
201906	102191	631039	13631250	0.48	13631250	12828750	12989250	
201906	102191	862541	15903750	0.48	15791250	12288750	12989250	
201906	102191	260551	14977500	0.38	14748750	12891562	13263000	
201906	102191	219983	13113750	0.37	13113750	13222500	13200750	
201906	102191	217121	12926250	0.38	12926250	13347188	13263000	
201906	102191	976957	13893750	0.45	13845000	12996562	13166250	
201906	102191	432559	13818750	0.45	13818750	13003125	13166250	
201906	102191	628861	13361250	0.44	13361250	13140938	13185000	
201906	102191	944297	13893750	0.44	13736250	13047188	13185000	
201906	102191	236627	12708750	0.43	12708750	13410938	13270500	
201906	102191	546613	12900000	0.4	12810000	13410000	13290000	
201906	102191	493123	13995000	0.38	13927500	13096875	13263000	
201906	102191	618841	14197500	0.52	14197500	12568125	12894000	
201906	102191	289031	14190000	0.39	14190000	13145625	13354500	
201906	102191	627091	13762500	0.42	13762500	13131562	13257750	
201906	102191	990719	13736250	0.49	13736250	12813750	12998250	
201906	102191	461921	13368750	0.41	13368750	13215938	13246500	
201906	102191	216803	12633750	0.45	12453750	13344375	13166250	
201906	102191	615101	12776250	0.45	12652500	13294688	13166250	
201906	102191	482117	13878750	0.43	13878750	13118438	13270500	
201906	102191	358243	14306250	0.35	13717500	12824062	13002750	
201906	102191	981983	15236250	0.41	14703750	12882188	13246500	
201906	102191	712883	14426250	0.45	14351250	12870000	13166250	
201906	102191	213173	14658750	0.4	14658750	12947812	13290000	
201906	102191	400249	13957500	0.38	13886250	13107188	13263000	
201906	102191	953501	12915000	0.48	12892500	13013438	12989250	
201906	102191	624203	12813750	0.44	12813750	13277812	13185000	
201906	102191	656273	14096250	0.39	14085000	13171875	13354500	
201905	102191	904147	12071250	0.35	1.2e+07	10946250	11157000	
201905	102191	976091	11096250	0.35	10998750	11196562	11157000	
201905	102191	910661	11411250	0.42	11261250	11179688	11196000	
201905	102191	242197	11268750	0.38	11268750	11158125	11180250	
201905	102191	847519	10886250	0.32	10713750	10964062	10914000	
201905	102191	226099	11947500	0.34	11947500	11041875	11223000	
201905	102191	699493	11898750	0.42	11898750	11020312	11196000	
201905	102191	275339	11703750	0.42	11610000	11092500	11196000	
201905	102191	751423	11013750	0.34	11013750	11275312	11223000	
201905	102191	844523	12176250	0.41	11988750	10913438	11128500	
201905	102191	577531	10113750	0.44	9997500	11140312	10911750	
201905	102191	955139	11017500	0.4	10953750	11156250	11115750	
201905	102191	929311	12071250	0.38	11838750	11015625	11180250	
201905	102191	923441	11085000	0.37	11036250	11146875	11124750	
201905	102191	372847	12933750	0.44	12817500	10435312	10911750	
201905	102191	778187	12495000	0.42	12390000	10897500	11196000	
201905	102191	102913	11111250	0.43	11077500	10979062	10998750	
201905	102191	923179	11808750	0.42	11685000	11073750	11196000	
201905	102191	356929	11426250	0.36	11426250	11098125	11163750	
201905	102191	488617	12930000	0.42	12930000	10762500	11196000	
201905	102191	579869	10312500	0.46	9967500	10922812	10731750	
201905	102191	869299	11767500	0.33	11696250	10933125	11085750	
201905	102191	702469	11647500	0.45	11647500	10600312	10809750	
201905	102191	877367	11081250	0.36	11081250	11184375	11163750	
201905	102191	737281	12596250	0.38	12543750	10839375	11180250	
201905	102191	659473	12540000	0.34	12540000	10893750	11223000	
201905	102191	370399	11947500	0.48	11606250	10455938	10686000	
201905	102191	561529	9993750	0.34	9993750	11530312	11223000	
201905	102191	813199	10638750	0.44	10455000	11025938	10911750	
201905	102191	128969	11501250	0.36	11501250	11079375	11163750	
201905	102191	242377	12180000	0.34	12180000	10983750	11223000	
201905	102191	906823	10725000	0.32	10511250	11014688	10914000	
201905	102191	461603	11722500	0.36	11617500	11050312	11163750	
201905	102191	590963	10938750	0.33	10893750	11133750	11085750	
201905	102191	366217	11973750	0.39	11846250	10958438	11136000	
201905	102191	780631	11280000	0.39	10702500	11244375	11136000	
201905	102191	902179	11418750	0.33	11216250	11053125	11085750	
201905	102191	651029	11302500	0.34	11302500	11203125	11223000	
201905	102191	511691	12183750	0.4	11572500	11001562	11115750	
201905	102191	259387	11186250	0.36	11186250	11158125	11163750	
201905	102191	221071	11141250	0.39	11096250	11145938	11136000	
201905	102191	538301	11531250	0.39	11216250	11115938	11136000	
201905	102191	706913	11572500	0.37	11250000	11093438	11124750	
201905	102191	212999	12510000	0.44	12510000	10512188	10911750	
201905	102191	647321	12341250	0.41	12330000	10828125	11128500	
201905	102191	167623	11823750	0.34	11786250	11082188	11223000	
201905	102191	222163	9960000	0.55	9907500	10019062	9996750	
201905	102191	920687	11362500	0.52	11208750	10078125	10304250	
201905	102191	167213	12453750	0.36	12307500	10877812	11163750	
201905	102191	325673	11808750	0.37	11748750	10968750	11124750	
201905	102191	132233	11838750	0.37	11838750	10946250	11124750	
201905	102191	284227	9416250	0.42	9416250	11640938	11196000	
201905	102191	876181	11715000	0.34	11715000	11100000	11223000	
201905	102191	978233	11955000	0.41	11797500	10961250	11128500	
201905	102191	355457	11992500	0.37	11880000	10935938	11124750	
201905	102191	641513	11887500	0.34	11801250	11078438	11223000	
201905	102191	737969	12063750	0.54	12063750	9683438	10159500	
201905	102191	838139	10998750	0.35	10998750	11196562	11157000	
201905	102191	544759	11336250	0.34	11272500	11210625	11223000	
201905	102191	617791	10713750	0.34	10713750	11350312	11223000	
201905	102191	577169	12322500	0.46	12195000	10365938	10731750	
201905	102191	414241	12187500	0.34	12093750	11005312	11223000	
201905	102191	415823	12258750	0.45	12112500	10484062	10809750	
201905	102191	992917	11602500	0.33	11527500	10975312	11085750	
201905	102191	433861	11565000	0.38	11493750	11101875	11180250	
201905	102191	730421	11805000	0.41	11805000	10959375	11128500	
201905	102191	586237	11411250	0.37	11325000	11074688	11124750	
201905	102191	123701	11343750	0.39	11343750	11084062	11136000	
201905	102191	221077	10927500	0.49	10526250	10642500	10619250	
201905	102191	476167	12262500	0.37	11793750	10957500	11124750	
201905	102191	794569	11287500	0.41	11287500	11088750	11128500	
201905	102191	380909	10818750	0.38	10537500	11340938	11180250	
201905	102191	631039	10068750	0.41	10031250	11402812	11128500	
201905	102191	862541	11955000	0.34	11955000	11040000	11223000	
201905	102191	260551	11580000	0.41	11002500	11160000	11128500	
201905	102191	219983	10447500	0.43	10447500	11136562	10998750	
201905	102191	217121	11096250	0.44	10912500	10911562	10911750	
201905	102191	976957	12296250	0.39	12236250	10860938	11136000	
201905	102191	432559	11583750	0.39	11220000	11115000	11136000	
201905	102191	628861	10905000	0.36	10803750	11253750	11163750	
201905	102191	944297	11100000	0.48	10893750	10634062	10686000	
201905	102191	236627	11812500	0.49	11591250	10376250	10619250	
201905	102191	546613	12142500	0.41	12015000	10906875	11128500	
201905	102191	493123	11921250	0.41	11906250	10934062	11128500	
201905	102191	618841	11801250	0.39	11692500	10996875	11136000	
201905	102191	289031	12285000	0.48	12165000	10316250	10686000	
201905	102191	627091	10725000	0.43	10290000	11175938	10998750	
201905	102191	990719	11242500	0.37	11145000	11119688	11124750	
201905	102191	461921	10065000	0.44	10061250	11124375	10911750	
201905	102191	216803	10950000	0.38	10950000	11237812	11180250	
201905	102191	615101	11261250	0.34	11137500	11244375	11223000	
201905	102191	482117	11812500	0.35	11726250	11014688	11157000	
201905	102191	358243	11737500	0.43	11737500	10814062	10998750	
201905	102191	981983	10983750	0.42	10983750	11249062	11196000	
201905	102191	712883	11816250	0.31	11677500	10567500	10789500	
201905	102191	213173	12183750	0.42	12183750	10949062	11196000	
201905	102191	400249	10305000	0.31	10245000	10925625	10789500	
201905	102191	953501	10676250	0.36	10601250	11304375	11163750	
201905	102191	624203	11790000	0.38	11730000	11042812	11180250	
201905	102191	656273	11280000	0.36	11280000	11134688	11163750	
201904	102191	904147	13556250	0.41	13447500	13578750	13552500	
201904	102191	976091	14268750	0.45	13777500	13299375	13395000	
201904	102191	910661	14445000	0.5	14445000	13264688	13500750	
201904	102191	242197	13383750	0.33	13346250	13752188	13671000	
201904	102191	847519	14025000	0.5	13991250	13378125	13500750	
201904	102191	226099	14910000	0.39	14910000	13153125	13504500	
201904	102191	699493	13788750	0.32	13451250	13611562	13579500	
201904	102191	275339	12892500	0.4	12866250	13677188	13515000	
201904	102191	751423	14913750	0.37	14767500	13311562	13602750	
201904	102191	844523	13991250	0.33	13991250	13590938	13671000	
201904	102191	577531	14021250	0.32	14017500	13470000	13579500	
201904	102191	955139	14512500	0.35	14377500	13393125	13590000	
201904	102191	929311	14336250	0.59	14336250	12268125	12681750	
201904	102191	923441	14103750	0.38	13567500	13571250	13570500	
201904	102191	372847	14235000	0.49	14212500	13269375	13458000	
201904	102191	778187	14951250	0.36	14951250	13294688	13626000	
201904	102191	102913	13983750	0.39	13661250	13465312	13504500	
201904	102191	923179	14730000	0.5	14730000	13193438	13500750	
201904	102191	356929	14216250	0.32	14216250	13420312	13579500	
201904	102191	488617	13920000	0.44	13792500	13411875	13488000	
201904	102191	579869	13327500	0.28	13215000	13363125	13333500	
201904	102191	869299	14381250	0.34	14355000	13491562	13664250	
201904	102191	702469	13297500	0.34	13297500	13755938	13664250	
201904	102191	877367	13706250	0.27	13218750	13205625	13208250	
201904	102191	737281	15877500	0.49	15877500	12853125	13458000	
201904	102191	659473	13346250	0.37	13346250	13666875	13602750	
201904	102191	370399	14955000	0.42	14801250	13140938	13473000	
201904	102191	561529	15078750	0.38	1.5e+07	13213125	13570500	
201904	102191	813199	13935000	0.49	13781250	13377188	13458000	
201904	102191	128969	15165000	0.36	15161250	13242188	13626000	
201904	102191	242377	14385000	0.37	14317500	13424062	13602750	
201904	102191	906823	13965000	0.44	13942500	13374375	13488000	
201904	102191	461603	13818750	0.36	13788750	13585312	13626000	
201904	102191	590963	13912500	0.45	13796250	13294688	13395000	
201904	102191	366217	13612500	0.49	13571250	13429688	13458000	
201904	102191	780631	15243750	0.43	15048750	13091250	13482750	
201904	102191	902179	12986250	0.29	12986250	13569375	13452750	
201904	102191	651029	15442500	0.36	15442500	13171875	13626000	
201904	102191	511691	13616250	0.38	13616250	13559062	13570500	
201904	102191	259387	13365000	0.45	13365000	13402500	13395000	
201904	102191	221071	13676250	0.3	13500000	13448438	13458750	
201904	102191	538301	15431250	0.52	15431250	12680625	13230750	
201904	102191	706913	15247500	0.47	15131250	12902812	13348500	
201904	102191	212999	14186250	0.43	13957500	13364062	13482750	
201904	102191	647321	13541250	0.26	13443750	12911250	13017750	
201904	102191	167623	15341250	0.5	15341250	13040625	13500750	
201904	102191	222163	14430000	0.29	14430000	13208438	13452750	
201904	102191	920687	13335000	0.49	13091250	13549688	13458000	
201904	102191	167213	15150000	0.29	14846250	13104375	13452750	
201904	102191	325673	13762500	0.42	13762500	13400625	13473000	
201904	102191	132233	13170000	0.35	12997500	13738125	13590000	
201904	102191	284227	13953750	0.33	13822500	13633125	13671000	
201904	102191	876181	14085000	0.44	14085000	13338750	13488000	
201904	102191	978233	14546250	0.29	14546250	13179375	13452750	
201904	102191	355457	14373750	0.51	14366250	13064062	13324500	
201904	102191	641513	14276250	0.32	14276250	13405312	13579500	
201904	102191	737969	13515000	0.42	13387500	13494375	13473000	
201904	102191	838139	15198750	0.49	15093750	13049062	13458000	
201904	102191	544759	13950000	0.35	13950000	13500000	13590000	
201904	102191	617791	14058750	0.33	14058750	13574062	13671000	
201904	102191	577169	13361250	0.33	13361250	13748438	13671000	
201904	102191	414241	15633750	0.33	15633750	13180312	13671000	
201904	102191	415823	13477500	0.5	13391250	13528125	13500750	
201904	102191	992917	12765000	0.45	12648750	13581562	13395000	
201904	102191	433861	13102500	0.41	13102500	13665000	13552500	
201904	102191	730421	13646250	0.28	13548750	13279688	13333500	
201904	102191	586237	13263750	0.5	13263750	13560000	13500750	
201904	102191	123701	12802500	0.33	12802500	13888125	13671000	
201904	102191	221077	13203750	0.35	13158750	13697812	13590000	
201904	102191	476167	14092500	0.32	14043750	13463438	13579500	
201904	102191	794569	14606250	0.46	14347500	13129688	13373250	
201904	102191	380909	12510000	0.41	11981250	13945312	13552500	
201904	102191	631039	13158750	0.37	13065000	13737188	13602750	
201904	102191	862541	13638750	0.33	13601250	13688438	13671000	
201904	102191	260551	12536250	0.34	12536250	13946250	13664250	
201904	102191	219983	14456250	0.32	14343750	13388438	13579500	
201904	102191	217121	13991250	0.48	13976250	13302188	13437000	
201904	102191	976957	15105000	0.37	14977500	13259062	13602750	
201904	102191	432559	14681250	0.5	14681250	13205625	13500750	
201904	102191	628861	13005000	0.51	13005000	13404375	13324500	
201904	102191	944297	15262500	0.44	15262500	13044375	13488000	
201904	102191	236627	13968750	0.5	13968750	13383750	13500750	
201904	102191	546613	13518750	0.34	13518750	13700625	13664250	
201904	102191	493123	14010000	0.35	13968750	13495312	13590000	
201904	102191	618841	11898750	0.33	11550000	14201250	13671000	
201904	102191	289031	13680000	0.47	13485000	13314375	13348500	
201904	102191	627091	13192500	0.5	13012500	13622812	13500750	
201904	102191	990719	14478750	0.46	14298750	13141875	13373250	
201904	102191	461921	13826250	0.37	13680000	13583438	13602750	
201904	102191	216803	14823750	0.33	14823750	13382812	13671000	
201904	102191	615101	13713750	0.38	13713750	13534688	13570500	
201904	102191	482117	14460000	0.54	14460000	12677812	13034250	
201904	102191	358243	16102500	0.4	16083750	12872812	13515000	
201904	102191	981983	13792500	0.35	13740000	13552500	13590000	
201904	102191	712883	14276250	0.5	14276250	13306875	13500750	
201904	102191	213173	13665000	0.34	13665000	13664062	13664250	
201904	102191	400249	13530000	0.34	13530000	13697812	13664250	
201904	102191	953501	13548750	0.48	13548750	13409062	13437000	
201904	102191	624203	14538750	0.31	14478750	13194375	13451250	
201904	102191	656273	14062500	0.5	14062500	13360312	13500750	
201903	102191	904147	16290000	0.31	16185000	17001562	16838250	
201903	102191	976091	14977500	0.41	14790000	16688438	16308750	
201903	102191	910661	17823750	0.34	17595000	16587188	16788750	
201903	102191	242197	16653750	0.38	16653750	16513125	16541250	
201903	102191	847519	15971250	0.26	15813750	16608750	16449750	
201903	102191	226099	16751250	0.39	16751250	16334062	16417500	
201903	102191	699493	18483750	0.37	18367500	16266562	16686750	
201903	102191	275339	16335000	0.33	15918750	16944375	16739250	
201903	102191	751423	16702500	0.31	16691250	16875000	16838250	
201903	102191	844523	17516250	0.37	17516250	16479375	16686750	
201903	102191	577531	18495000	0.39	18495000	15898125	16417500	
201903	102191	955139	15281250	0.37	15281250	17038125	16686750	
201903	102191	929311	18603750	0.41	18596250	15736875	16308750	
201903	102191	923441	16912500	0.36	16886250	16785000	16805250	
201903	102191	372847	16076250	0.38	15903750	16700625	16541250	
201903	102191	778187	17422500	0.37	17343750	16522500	16686750	
201903	102191	102913	16308750	0.32	15753750	17098125	16829250	
201903	102191	923179	17748750	0.34	17598750	16586250	16788750	
201903	102191	356929	19301250	0.35	19226250	16121250	16742250	
201903	102191	488617	15776250	0.31	15776250	17103750	16838250	
201903	102191	579869	17430000	0.32	17430000	16679062	16829250	
201903	102191	869299	15948750	0.34	15948750	16998750	16788750	
201903	102191	702469	17643750	0.31	17557500	16658438	16838250	
201903	102191	877367	17115000	0.29	17115000	16285312	16451250	
201903	102191	737281	18446250	0.27	18446250	16153125	16611750	
201903	102191	659473	16500000	0.39	16147500	16485000	16417500	
201903	102191	370399	16627500	0.38	16556250	16537500	16541250	
201903	102191	561529	16837500	0.35	16811250	16725000	16742250	
201903	102191	813199	16788750	0.42	16488750	16244062	16293000	
201903	102191	128969	16863750	0.35	16623750	16771875	16742250	
201903	102191	242377	18626250	0.32	18626250	16380000	16829250	
201903	102191	906823	17647500	0.32	17647500	16624688	16829250	
201903	102191	461603	17092500	0.36	17092500	16733438	16805250	
201903	102191	590963	17130000	0.32	16972500	16793438	16829250	
201903	102191	366217	17527500	0.27	17527500	16382812	16611750	
201903	102191	780631	16342500	0.37	16342500	16772812	16686750	
201903	102191	902179	16792500	0.31	16792500	16849688	16838250	
201903	102191	651029	16473750	0.32	16188750	16989375	16829250	
201903	102191	511691	17250000	0.32	17160000	16746562	16829250	
201903	102191	259387	16413750	0.34	16327500	16904062	16788750	
201903	102191	221071	16762500	0.36	16458750	16891875	16805250	
201903	102191	538301	17197500	0.32	17051250	16773750	16829250	
201903	102191	706913	15866250	0.24	15397500	16209375	16047000	
201903	102191	212999	16428750	0.28	15885000	16624688	16476750	
201903	102191	647321	17257500	0.31	17242500	16737188	16838250	
201903	102191	167623	17865000	0.34	17865000	16519688	16788750	
201903	102191	222163	17583750	0.38	17583750	16280625	16541250	
201903	102191	920687	16728750	0.27	16695000	16590938	16611750	
201903	102191	167213	18195000	0.31	17531250	16665000	16838250	
201903	102191	325673	16931250	0.35	16882500	16707188	16742250	
201903	102191	132233	18022500	0.33	18022500	16418438	16739250	
201903	102191	284227	17287500	0.31	17287500	16725938	16838250	
201903	102191	876181	17137500	0.32	17137500	16752188	16829250	
201903	102191	978233	16871250	0.34	16845000	16774688	16788750	
201903	102191	355457	16428750	0.33	15930000	16941562	16739250	
201903	102191	641513	16500000	0.36	16455000	16892812	16805250	
201903	102191	737969	16638750	0.34	16537500	16851562	16788750	
201903	102191	838139	18142500	0.36	18142500	16470938	16805250	
201903	102191	544759	18108750	0.34	18108750	16458750	16788750	
201903	102191	617791	16788750	0.43	16642500	16110000	16216500	
201903	102191	577169	15581250	0.31	15581250	17152500	16838250	
201903	102191	414241	17958750	0.41	17958750	15896250	16308750	
201903	102191	415823	14883750	0.47	14883750	15898125	15695250	
201903	102191	992917	16871250	0.36	16871250	16788750	16805250	
201903	102191	433861	18735000	0.31	18735000	16364062	16838250	
201903	102191	730421	16533750	0.32	16533750	16903125	16829250	
201903	102191	586237	17118750	0.39	17081250	16251562	16417500	
201903	102191	123701	15851250	0.48	15210000	15694688	15597750	
201903	102191	221077	16226250	0.37	16226250	16801875	16686750	
201903	102191	476167	18266250	0.31	17883750	16576875	16838250	
201903	102191	794569	17546250	0.32	17475000	16667812	16829250	
201903	102191	380909	17760000	0.35	17760000	16487812	16742250	
201903	102191	631039	17040000	0.31	17028750	16790625	16838250	
201903	102191	862541	19016250	0.3	19016250	16059375	16650750	
201903	102191	260551	15393750	0.3	15067500	17046562	16650750	
201903	102191	219983	17257500	0.45	16935000	15674062	15926250	
201903	102191	217121	18457500	0.34	18281250	16415625	16788750	
201903	102191	976957	17036250	0.34	16818750	16781250	16788750	
201903	102191	432559	16905000	0.33	16657500	16759688	16739250	
201903	102191	628861	17538750	0.28	17235000	16287188	16476750	
201903	102191	944297	17497500	0.33	17497500	16549688	16739250	
201903	102191	236627	16942500	0.36	16942500	16770938	16805250	
201903	102191	546613	18618750	0.35	18521250	16297500	16742250	
201903	102191	493123	18457500	0.38	18457500	16062188	16541250	
201903	102191	618841	17955000	0.33	17887500	16452188	16739250	
201903	102191	289031	17958750	0.36	17958750	16516875	16805250	
201903	102191	627091	17137500	0.3	17055000	16549688	16650750	
201903	102191	990719	17992500	0.3	17992500	16315312	16650750	
201903	102191	461921	17700000	0.33	17700000	16499062	16739250	
201903	102191	216803	16927500	0.42	16237500	16306875	16293000	
201903	102191	615101	16755000	0.41	16713750	16207500	16308750	
201903	102191	482117	15547500	0.27	15547500	16877812	16611750	
201903	102191	358243	17347500	0.32	17310000	16709062	16829250	
201903	102191	981983	15592500	0.44	15322500	16138125	15975000	
201903	102191	712883	17028750	0.31	17028750	16790625	16838250	
201903	102191	213173	16432500	0.37	15900000	16883438	16686750	
201903	102191	400249	17808750	0.32	17621250	16631250	16829250	
201903	102191	953501	17703750	0.35	17636250	16518750	16742250	
201903	102191	624203	18922500	0.32	18922500	16305938	16829250	
201903	102191	656273	17328750	0.33	17145000	16637812	16739250	
