mes_aplicacion	semilla_undersampling	semilla_public	ganancia_public_inalcanzable	probabilidad_corte	ganancia_public	ganancia_private	ganancia_completa	
202003	102191	904147	4650000	0.53	4593750	3895312	4035000	
202003	102191	976091	4878750	0.64	4788750	3675000	3897750	
202003	102191	910661	3618750	0.53	3618750	4139062	4035000	
202003	102191	242197	3896250	0.52	3896250	4111875	4068750	
202003	102191	847519	4331250	0.57	4331250	3974062	4045500	
202003	102191	226099	4541250	0.6	4541250	3895312	4024500	
202003	102191	699493	2872500	0.56	2846250	4365000	4061250	
202003	102191	275339	4042500	0.67	4042500	3824062	3867750	
202003	102191	751423	3611250	0.45	3611250	3917812	3856500	
202003	102191	844523	5377500	0.61	5377500	3562500	3925500	
202003	102191	577531	4897500	0.7	4890000	3401250	3699000	
202003	102191	955139	4852500	0.53	4815000	3840000	4035000	
202003	102191	929311	4867500	0.6	4792500	3832500	4024500	
202003	102191	923441	4267500	0.56	4211250	4023750	4061250	
202003	102191	372847	3105000	0.42	3003750	4020938	3817500	
202003	102191	778187	4526250	0.52	4425000	3979688	4068750	
202003	102191	102913	4650000	0.42	4650000	3609375	3817500	
202003	102191	923179	4593750	0.57	4593750	3908438	4045500	
202003	102191	356929	4121250	0.61	4068750	3889688	3925500	
202003	102191	488617	4586250	0.39	4293750	3426562	3600000	
202003	102191	579869	2718750	0.67	2681250	4164375	3867750	
202003	102191	869299	4031250	0.53	3956250	4054688	4035000	
202003	102191	702469	4230000	0.5	4173750	3945000	3990750	
202003	102191	877367	5145000	0.6	5145000	3744375	4024500	
202003	102191	737281	3978750	0.56	3937500	4092188	4061250	
202003	102191	659473	3757500	0.59	3705000	4144688	4056750	
202003	102191	370399	3540000	0.6	3536250	4146562	4024500	
202003	102191	561529	4736250	0.42	4713750	3593438	3817500	
202003	102191	813199	3761250	0.57	3750000	4119375	4045500	
202003	102191	128969	5475000	0.58	5475000	3720000	4071000	
202003	102191	242377	4893750	0.44	4702500	3637500	3850500	
202003	102191	906823	3922500	0.61	3922500	3926250	3925500	
202003	102191	461603	4102500	0.5	4001250	3988125	3990750	
202003	102191	590963	5347500	0.58	5212500	3785625	4071000	
202003	102191	366217	3221250	0.58	3108750	4311562	4071000	
202003	102191	780631	3045000	0.59	2951250	4333125	4056750	
202003	102191	902179	5478750	0.52	5407500	3734062	4068750	
202003	102191	651029	3888750	0.6	3866250	4064062	4024500	
202003	102191	511691	3930000	0.58	3645000	4177500	4071000	
202003	102191	259387	4372500	0.52	4252500	4022812	4068750	
202003	102191	221071	3840000	0.56	3813750	4123125	4061250	
202003	102191	538301	4856250	0.47	4792500	3675000	3898500	
202003	102191	706913	4488750	0.66	4488750	3677812	3840000	
202003	102191	212999	5002500	0.6	5002500	3780000	4024500	
202003	102191	647321	3341250	0.41	3247500	3796875	3687000	
202003	102191	167623	4556250	0.51	4481250	3905625	4020750	
202003	102191	222163	4323750	0.43	4218750	3692812	3798000	
202003	102191	920687	4331250	0.53	4196250	3994688	4035000	
202003	102191	167213	4965000	0.51	4728750	3843750	4020750	
202003	102191	325673	3626250	0.56	3581250	4181250	4061250	
202003	102191	132233	4383750	0.67	4335000	3750938	3867750	
202003	102191	284227	3472500	0.6	3472500	4162500	4024500	
202003	102191	876181	2992500	0.32	2962500	3059062	3039750	
202003	102191	978233	4612500	0.46	4548750	3751875	3911250	
202003	102191	355457	5257500	0.5	5152500	3700312	3990750	
202003	102191	641513	4781250	0.52	4781250	3890625	4068750	
202003	102191	737969	5433750	0.5	5362500	3647812	3990750	
202003	102191	838139	4023750	0.62	3941250	3819375	3843750	
202003	102191	544759	4466250	0.57	4215000	4003125	4045500	
202003	102191	617791	5081250	0.56	5081250	3806250	4061250	
202003	102191	577169	3862500	0.58	3862500	4123125	4071000	
202003	102191	414241	5782500	0.6	5662500	3615000	4024500	
202003	102191	415823	3712500	0.46	3712500	3960938	3911250	
202003	102191	992917	4125000	0.46	4125000	3857812	3911250	
202003	102191	433861	4957500	0.66	4882500	3579375	3840000	
202003	102191	730421	4207500	0.58	4203750	4037812	4071000	
202003	102191	586237	3990000	0.48	3817500	3945000	3919500	
202003	102191	123701	4218750	0.65	4218750	3840938	3916500	
202003	102191	221077	4777500	0.56	4777500	3882188	4061250	
202003	102191	476167	4766250	0.59	4766250	3879375	4056750	
202003	102191	794569	3892500	0.65	3825000	3939375	3916500	
202003	102191	380909	4631250	0.45	4541250	3685312	3856500	
202003	102191	631039	4983750	0.6	4897500	3806250	4024500	
202003	102191	862541	4083750	0.45	3990000	3823125	3856500	
202003	102191	260551	5190000	0.48	5163750	3608438	3919500	
202003	102191	219983	3933750	0.52	3918750	4106250	4068750	
202003	102191	217121	4998750	0.63	4976250	3640312	3907500	
202003	102191	976957	4398750	0.5	4391250	3890625	3990750	
202003	102191	432559	3990000	0.44	3817500	3858750	3850500	
202003	102191	628861	4380000	0.57	4320000	3976875	4045500	
202003	102191	944297	5212500	0.56	5212500	3773438	4061250	
202003	102191	236627	3487500	0.65	3416250	4041562	3916500	
202003	102191	546613	4477500	0.6	4226250	3974062	4024500	
202003	102191	493123	4125000	0.5	4087500	3966562	3990750	
202003	102191	618841	3810000	0.51	3720000	4095938	4020750	
202003	102191	289031	3956250	0.52	3956250	4096875	4068750	
202003	102191	627091	5325000	0.7	5325000	3292500	3699000	
202003	102191	990719	3990000	0.52	3926250	4104375	4068750	
202003	102191	461921	4113750	0.64	4042500	3861562	3897750	
202003	102191	216803	5017500	0.49	4841250	3725625	3948750	
202003	102191	615101	5497500	0.5	5490000	3615938	3990750	
202003	102191	482117	3528750	0.53	3528750	4161562	4035000	
202003	102191	358243	4106250	0.52	4106250	4059375	4068750	
202003	102191	981983	4346250	0.52	4346250	3999375	4068750	
202003	102191	712883	5193750	0.53	5028750	3786562	4035000	
202003	102191	213173	3472500	0.59	3326250	4239375	4056750	
202003	102191	400249	3213750	0.65	3213750	4092188	3916500	
202003	102191	953501	5107500	0.65	5073750	3627188	3916500	
202003	102191	624203	3817500	0.54	3765000	4063125	4003500	
202003	102191	656273	4113750	0.69	4113750	3726562	3804000	
202002	102191	904147	8358750	0.37	8358750	7676250	7812750	
202002	102191	976091	7916250	0.48	7518750	8034375	7931250	
202002	102191	910661	7383750	0.55	7383750	8215312	8049000	
202002	102191	242197	8865000	0.57	8835000	7644375	7882500	
202002	102191	847519	8463750	0.37	8463750	7650000	7812750	
202002	102191	226099	8580000	0.54	8580000	7955625	8080500	
202002	102191	699493	8658750	0.46	8553750	7686562	7860000	
202002	102191	275339	8385000	0.54	8160000	8060625	8080500	
202002	102191	751423	8081250	0.49	8081250	8023125	8034750	
202002	102191	844523	8940000	0.5	8940000	7870312	8084250	
202002	102191	577531	7773750	0.43	7773750	8055000	7998750	
202002	102191	955139	8647500	0.44	8542500	7873125	8007000	
202002	102191	929311	9266250	0.4	9266250	7551562	7894500	
202002	102191	923441	8711250	0.43	8666250	7831875	7998750	
202002	102191	372847	7185000	0.53	7113750	8325000	8082750	
202002	102191	778187	8055000	0.49	8055000	8029688	8034750	
202002	102191	102913	9555000	0.55	9476250	7692188	8049000	
202002	102191	923179	7800000	0.61	7747500	7198125	7308000	
202002	102191	356929	8572500	0.56	8572500	7925625	8055000	
202002	102191	488617	7717500	0.42	7612500	8033438	7949250	
202002	102191	579869	8846250	0.4	8846250	7656562	7894500	
202002	102191	869299	7140000	0.39	7136250	8115000	7919250	
202002	102191	702469	7878750	0.43	7803750	8047500	7998750	
202002	102191	877367	9311250	0.53	9311250	7775625	8082750	
202002	102191	737281	9723750	0.55	9723750	7630312	8049000	
202002	102191	659473	8726250	0.44	8726250	7827188	8007000	
202002	102191	370399	8621250	0.55	8621250	7905938	8049000	
202002	102191	561529	8246250	0.5	8122500	8074688	8084250	
202002	102191	813199	8797500	0.53	8685000	7932188	8082750	
202002	102191	128969	8201250	0.43	8088750	7976250	7998750	
202002	102191	242377	8456250	0.56	8456250	7954688	8055000	
202002	102191	906823	8718750	0.52	8538750	7836562	7977000	
202002	102191	461603	7338750	0.51	7260000	8172188	7989750	
202002	102191	590963	8010000	0.49	7916250	8064375	8034750	
202002	102191	366217	8591250	0.34	8396250	7406250	7604250	
202002	102191	780631	8913750	0.47	8745000	7741875	7942500	
202002	102191	902179	8025000	0.55	7908750	8084062	8049000	
202002	102191	651029	9585000	0.37	9431250	7408125	7812750	
202002	102191	511691	7751250	0.53	7751250	8165625	8082750	
202002	102191	259387	7867500	0.42	7867500	7969688	7949250	
202002	102191	221071	8381250	0.38	8220000	7795312	7880250	
202002	102191	538301	9296250	0.38	9296250	7526250	7880250	
202002	102191	706913	6960000	0.54	6907500	8373750	8080500	
202002	102191	212999	8748750	0.55	8685000	7890000	8049000	
202002	102191	647321	7781250	0.44	7781250	8063438	8007000	
202002	102191	167623	7470000	0.42	7245000	8125312	7949250	
202002	102191	222163	8658750	0.49	8542500	7907812	8034750	
202002	102191	920687	9446250	0.5	9446250	7743750	8084250	
202002	102191	167213	7728750	0.54	7567500	8208750	8080500	
202002	102191	325673	8182500	0.4	8156250	7829062	7894500	
202002	102191	132233	8936250	0.5	8805000	7904062	8084250	
202002	102191	284227	8550000	0.49	8441250	7933125	8034750	
202002	102191	876181	9221250	0.49	9108750	7766250	8034750	
202002	102191	978233	8193750	0.39	8186250	7852500	7919250	
202002	102191	355457	8212500	0.52	7916250	7992188	7977000	
202002	102191	641513	9255000	0.47	9255000	7614375	7942500	
202002	102191	737969	7095000	0.49	7095000	8269688	8034750	
202002	102191	838139	8141250	0.55	8141250	8025938	8049000	
202002	102191	544759	7601250	0.53	7601250	8203125	8082750	
202002	102191	617791	8542500	0.43	8542500	7862812	7998750	
202002	102191	577169	8092500	0.42	7946250	7950000	7949250	
202002	102191	414241	7653750	0.54	7432500	8242500	8080500	
202002	102191	415823	8711250	0.51	8662500	7821562	7989750	
202002	102191	992917	7218750	0.53	7200000	8303438	8082750	
202002	102191	433861	8156250	0.4	8148750	7830938	7894500	
202002	102191	730421	7950000	0.39	7931250	7916250	7919250	
202002	102191	586237	8943750	0.5	8906250	7878750	8084250	
202002	102191	123701	8351250	0.56	8351250	7980938	8055000	
202002	102191	221077	8370000	0.5	8370000	8012812	8084250	
202002	102191	476167	9318750	0.56	9236250	7759688	8055000	
202002	102191	794569	8962500	0.43	8962500	7757812	7998750	
202002	102191	380909	7856250	0.55	7856250	8097188	8049000	
202002	102191	631039	8576250	0.49	8576250	7899375	8034750	
202002	102191	862541	7800000	0.49	7800000	8093438	8034750	
202002	102191	260551	9371250	0.56	9371250	7725938	8055000	
202002	102191	219983	7747500	0.36	7747500	7679062	7692750	
202002	102191	217121	8583750	0.42	8583750	7790625	7949250	
202002	102191	976957	8943750	0.53	8846250	7891875	8082750	
202002	102191	432559	7286250	0.47	7091250	8155312	7942500	
202002	102191	628861	8092500	0.55	8021250	8055938	8049000	
202002	102191	944297	8718750	0.42	8666250	7770000	7949250	
202002	102191	236627	8887500	0.53	8752500	7915312	8082750	
202002	102191	546613	7987500	0.54	7931250	8117812	8080500	
202002	102191	493123	7455000	0.56	7425000	8212500	8055000	
202002	102191	618841	8628750	0.48	8523750	7783125	7931250	
202002	102191	289031	9502500	0.53	9292500	7780312	8082750	
202002	102191	627091	7665000	0.56	7665000	8152500	8055000	
202002	102191	990719	8520000	0.5	8370000	8012812	8084250	
202002	102191	461921	8163750	0.42	8062500	7920938	7949250	
202002	102191	216803	7631250	0.4	7631250	7960312	7894500	
202002	102191	615101	8186250	0.42	8062500	7920938	7949250	
202002	102191	482117	7728750	0.58	7728750	7609688	7633500	
202002	102191	358243	7773750	0.54	7687500	8178750	8080500	
202002	102191	981983	8298750	0.49	8197500	7994062	8034750	
202002	102191	712883	9007500	0.56	9007500	7816875	8055000	
202002	102191	213173	9397500	0.54	9397500	7751250	8080500	
202002	102191	400249	8820000	0.39	8760000	7709062	7919250	
202002	102191	953501	7961250	0.54	7905000	8124375	8080500	
202002	102191	624203	9427500	0.57	9427500	7496250	7882500	
202002	102191	656273	7743750	0.51	7578750	8092500	7989750	
202001	102191	904147	11550000	0.46	11550000	12019688	11925750	
202001	102191	976091	13286250	0.44	13158750	11526562	11853000	
202001	102191	910661	12712500	0.45	12682500	11697188	11894250	
202001	102191	242197	12660000	0.56	12476250	11064375	11346750	
202001	102191	847519	11490000	0.47	11490000	11990625	11890500	
202001	102191	226099	11621250	0.46	11583750	12011250	11925750	
202001	102191	699493	11261250	0.47	11205000	12061875	11890500	
202001	102191	275339	11025000	0.42	10916250	11931562	11728500	
202001	102191	751423	11621250	0.51	11621250	11618438	11619000	
202001	102191	844523	11426250	0.47	11366250	12021562	11890500	
202001	102191	577531	12033750	0.5	11876250	11659688	11703000	
202001	102191	955139	13016250	0.47	13016250	11609062	11890500	
202001	102191	929311	13057500	0.43	13057500	11535938	11840250	
202001	102191	923441	11812500	0.54	11812500	11480625	11547000	
202001	102191	372847	10773750	0.39	10616250	1.2e+07	11723250	
202001	102191	778187	12825000	0.4	12825000	11346562	11642250	
202001	102191	102913	13792500	0.46	13792500	11459062	11925750	
202001	102191	923179	13526250	0.61	13526250	10402500	11027250	
202001	102191	356929	12731250	0.44	12708750	11639062	11853000	
202001	102191	488617	12465000	0.48	12465000	11672812	11831250	
202001	102191	579869	13046250	0.44	13046250	11554688	11853000	
202001	102191	869299	12990000	0.43	12990000	11552812	11840250	
202001	102191	702469	11643750	0.38	11583750	11698125	11675250	
202001	102191	877367	12026250	0.38	11962500	11603438	11675250	
202001	102191	737281	12330000	0.47	12330000	11780625	11890500	
202001	102191	659473	10856250	0.32	10856250	11474062	11350500	
202001	102191	370399	13800000	0.47	13800000	11413125	11890500	
202001	102191	561529	11250000	0.46	11246250	12095625	11925750	
202001	102191	813199	13038750	0.42	12881250	11440312	11728500	
202001	102191	128969	12108750	0.45	12108750	11840625	11894250	
202001	102191	242377	12697500	0.39	12543750	11518125	11723250	
202001	102191	906823	12300000	0.45	12217500	11813438	11894250	
202001	102191	461603	11715000	0.43	11621250	11895000	11840250	
202001	102191	590963	12918750	0.42	12795000	11461875	11728500	
202001	102191	366217	12393750	0.47	12393750	11764688	11890500	
202001	102191	780631	11865000	0.47	11790000	11915625	11890500	
202001	102191	902179	11441250	0.31	11246250	11187188	11199000	
202001	102191	651029	11842500	0.44	11737500	11881875	11853000	
202001	102191	511691	13222500	0.55	13170000	10989375	11425500	
202001	102191	259387	11055000	0.45	11055000	12104062	11894250	
202001	102191	221071	12903750	0.46	12903750	11681250	11925750	
202001	102191	538301	13368750	0.5	13368750	11286562	11703000	
202001	102191	706913	13177500	0.46	13162500	11616562	11925750	
202001	102191	212999	13305000	0.48	13305000	11462812	11831250	
202001	102191	647321	11276250	0.51	11175000	11730000	11619000	
202001	102191	167623	11958750	0.48	11861250	11823750	11831250	
202001	102191	222163	13488750	0.43	13488750	11428125	11840250	
202001	102191	920687	12450000	0.49	12401250	11598750	11759250	
202001	102191	167213	13275000	0.46	13132500	11624062	11925750	
202001	102191	325673	12221250	0.43	12221250	11745000	11840250	
202001	102191	132233	12213750	0.45	12213750	11814375	11894250	
202001	102191	284227	11842500	0.5	11628750	11721562	11703000	
202001	102191	876181	9982500	0.45	9978750	12373125	11894250	
202001	102191	978233	12045000	0.5	11880000	11658750	11703000	
202001	102191	355457	12322500	0.49	12247500	11637188	11759250	
202001	102191	641513	12866250	0.39	12866250	11437500	11723250	
202001	102191	737969	12802500	0.61	12723750	10603125	11027250	
202001	102191	838139	11426250	0.45	11197500	12068438	11894250	
202001	102191	544759	12236250	0.42	12060000	11645625	11728500	
202001	102191	617791	12390000	0.48	12390000	11691562	11831250	
202001	102191	577169	12217500	0.46	12112500	11879062	11925750	
202001	102191	414241	11606250	0.46	11606250	12005625	11925750	
202001	102191	415823	11463750	0.46	11463750	12041250	11925750	
202001	102191	992917	11658750	0.47	11535000	11979375	11890500	
202001	102191	433861	11673750	0.49	11482500	11828438	11759250	
202001	102191	730421	11906250	0.49	11906250	11722500	11759250	
202001	102191	586237	12266250	0.55	12131250	11249062	11425500	
202001	102191	123701	12652500	0.46	12652500	11744062	11925750	
202001	102191	221077	11576250	0.54	11463750	11567812	11547000	
202001	102191	476167	10916250	0.45	10916250	12138750	11894250	
202001	102191	794569	10796250	0.48	10796250	12090000	11831250	
202001	102191	380909	12071250	0.51	12015000	11520000	11619000	
202001	102191	631039	11253750	0.54	11253750	11620312	11547000	
202001	102191	862541	12450000	0.46	12450000	11794688	11925750	
202001	102191	260551	12558750	0.43	12536250	11666250	11840250	
202001	102191	219983	11220000	0.47	11081250	12092812	11890500	
202001	102191	217121	12982500	0.46	12967500	11665312	11925750	
202001	102191	976957	12787500	0.46	12787500	11710312	11925750	
202001	102191	432559	11752500	0.5	11752500	11690625	11703000	
202001	102191	628861	11448750	0.52	11171250	11683125	11580750	
202001	102191	944297	12877500	0.44	12877500	11596875	11853000	
202001	102191	236627	12056250	0.46	12030000	11899688	11925750	
202001	102191	546613	12551250	0.5	12330000	11546250	11703000	
202001	102191	493123	12645000	0.45	12645000	11706562	11894250	
202001	102191	618841	12225000	0.44	11970000	11823750	11853000	
202001	102191	289031	11370000	0.53	11253750	11632500	11556750	
202001	102191	627091	12326250	0.45	12131250	11835000	11894250	
202001	102191	990719	12183750	0.53	12183750	11400000	11556750	
202001	102191	461921	11973750	0.47	11973750	11869688	11890500	
202001	102191	216803	12251250	0.39	12251250	11591250	11723250	
202001	102191	615101	12007500	0.5	12007500	11626875	11703000	
202001	102191	482117	13053750	0.29	13053750	10642500	11124750	
202001	102191	358243	11385000	0.37	11036250	11699062	11566500	
202001	102191	981983	11996250	0.39	11996250	11655000	11723250	
202001	102191	712883	11283750	0.45	11283750	12046875	11894250	
202001	102191	213173	12281250	0.47	12281250	11792812	11890500	
202001	102191	400249	11595000	0.38	11595000	11695312	11675250	
202001	102191	953501	12172500	0.45	12172500	11824688	11894250	
202001	102191	624203	13177500	0.5	13102500	11353125	11703000	
202001	102191	656273	12731250	0.44	12450000	11703750	11853000	
